# population in each left-qubit level over  time for $\ket{\Psi(t=0)} = \ket{01}$ (integrated over all cavity levels)
#        t [ns]            0            1            2            3            4            5            6            7            8            9
       0.000000  1.00000E+00  0.00000E+00  0.00000E+00  0.00000E+00  0.00000E+00  0.00000E+00  0.00000E+00  0.00000E+00  0.00000E+00  0.00000E+00
       0.100083  9.99999E-01  9.13143E-07  2.71116E-21  3.03700E-36  2.02399E-51  9.50152E-67  3.42450E-82  9.97505E-98  0.00000E+00  0.00000E+00
       0.200167  9.99987E-01  1.34455E-05  6.29238E-18  1.11827E-30  1.18872E-43  8.93799E-57  5.17483E-70  2.42548E-83  9.50560E-97  0.00000E+00
       0.300250  9.99941E-01  5.91749E-05  7.14042E-16  3.30411E-27  9.20696E-39  1.82121E-50  2.77484E-62  3.41260E-74  3.48780E-86  3.01932E-98
       0.400334  9.99847E-01  1.53226E-04  2.00663E-14  1.01800E-24  3.12829E-35  6.83335E-46  1.14596E-56  1.53913E-67  1.69715E-78  1.55979E-89
       0.500417  9.99712E-01  2.87858E-04  2.41294E-13  7.92466E-23  1.58552E-32  2.25412E-42  2.44435E-52  2.09664E-62  1.45047E-72  8.17940E-83
       0.600500  9.99570E-01  4.29531E-04  1.58993E-12  2.33942E-21  2.11193E-30  1.35355E-39  6.55782E-49  2.47218E-58  7.34734E-68  1.73152E-77
       0.700584  9.99467E-01  5.32974E-04  6.57210E-12  3.28718E-20  1.01968E-28  2.24622E-37  3.70273E-46  4.65751E-55  4.49613E-64  3.33410E-73
       0.800667  9.99435E-01  5.65119E-04  1.85831E-11  2.55291E-19  2.21413E-27  1.36957E-35  6.28166E-44  2.15334E-52  5.50187E-61  1.04379E-69
       0.900751  9.99475E-01  5.24944E-04  3.85330E-11  1.23394E-18  2.56942E-26  3.86411E-34  4.28972E-42  3.49293E-50  2.06035E-58  8.73139E-67
       1.000834  9.99553E-01  4.46833E-04  6.35052E-11  4.18497E-18  1.87893E-25  6.25300E-33  1.54302E-40  2.75600E-48  3.47957E-56  3.06616E-64
       1.100917  9.99616E-01  3.84130E-04  9.41436E-11  1.15427E-17  1.02995E-24  7.10981E-32  3.69714E-39  1.38240E-46  3.58068E-54  6.31306E-62
       1.201001  9.99619E-01  3.81106E-04  1.48730E-10  3.10077E-17  5.05798E-24  6.74299E-31  6.94642E-38  5.14092E-45  2.59244E-52  8.70934E-60
       1.301084  9.99551E-01  4.48632E-04  2.78584E-10  9.40048E-17  2.58709E-23  6.06874E-30  1.12476E-36  1.49811E-43  1.34345E-50  7.91078E-58
       1.401168  9.99443E-01  5.57248E-04  5.79864E-10  3.21458E-16  1.44881E-22  5.58353E-29  1.68647E-35  3.58800E-42  5.03633E-49  4.58651E-56
       1.501251  9.99348E-01  6.51744E-04  1.16793E-09  1.09401E-15  8.18454E-22  5.13732E-28  2.44092E-34  7.75773E-41  1.54287E-47  1.91194E-54
       1.601334  9.99321E-01  6.79423E-04  2.06965E-09  3.28932E-15  4.13662E-21  4.29515E-27  3.27337E-33  1.59357E-39  4.61991E-46  7.97571E-53
       1.701418  9.99383E-01  6.16609E-04  3.09850E-09  8.24753E-15  1.74466E-20  3.02498E-26  3.77327E-32  2.92972E-38  1.33016E-44  3.57827E-51
       1.801501  9.99521E-01  4.79259E-04  3.88947E-09  1.71206E-14  6.07448E-20  1.76404E-25  3.62405E-31  4.53435E-37  3.26675E-43  1.38314E-49
       1.901585  9.99687E-01  3.12703E-04  4.13112E-09  3.00431E-14  1.78606E-19  8.68160E-25  2.92630E-30  5.84024E-36  6.54169E-42  4.21530E-48
       2.001668  9.99833E-01  1.67325E-04  3.78420E-09  4.60557E-14  4.57677E-19  3.69301E-24  2.01186E-29  6.25324E-35  1.05415E-40  9.95263E-47
       2.101751  9.99926E-01  7.44154E-05  3.12149E-09  6.43248E-14  1.05247E-18  1.37714E-23  1.17627E-28  5.48095E-34  1.33215E-39  1.76444E-45
       2.201835  9.99965E-01  3.54324E-05  2.61754E-09  8.72629E-14  2.24076E-18  4.54083E-23  5.79724E-28  3.84540E-33  1.27854E-38  2.25878E-44
       2.301918  9.99971E-01  2.92772E-05  2.66925E-09  1.24510E-13  4.59220E-18  1.34523E-22  2.40914E-27  2.13739E-32  9.16586E-38  2.04578E-43
       2.402002  9.99969E-01  3.13514E-05  3.17727E-09  1.89322E-13  9.32358E-18  3.68831E-22  8.65206E-27  9.59793E-32  4.99108E-37  1.33161E-42
       2.502085  9.99968E-01  3.15528E-05  3.45476E-09  2.77675E-13  1.84811E-17  9.65117E-22  2.82969E-26  3.70143E-31  2.19708E-36  6.60532E-42
       2.602168  9.99960E-01  3.98602E-05  2.86987E-09  3.45212E-13  3.39487E-17  2.43361E-21  8.95056E-26  1.35364E-30  8.82489E-36  2.81514E-41
       2.702252  9.99923E-01  7.65638E-05  1.74387E-09  3.20014E-13  5.47413E-17  5.81436E-21  2.82075E-25  5.16277E-30  3.85366E-35  1.33421E-40
       2.802335  9.99846E-01  1.54204E-04  1.80806E-09  1.69656E-13  7.41563E-17  1.27563E-20  8.66924E-25  2.08324E-29  2.01457E-34  9.16204E-40
       2.902419  9.99736E-01  2.63670E-04  6.21002E-09  2.39145E-14  8.25852E-17  2.48382E-20  2.45552E-24  8.17508E-29  1.10612E-33  7.30326E-39
       3.002502  9.99626E-01  3.74381E-04  1.86074E-08  3.52024E-13  9.04333E-17  4.19921E-20  6.00545E-24  2.78311E-28  5.21478E-33  4.77097E-38
       3.102585  9.99550E-01  4.49570E-04  4.02244E-08  2.05865E-12  1.90820E-16  6.42157E-20  1.19554E-23  7.47151E-28  1.86159E-32  2.22166E-37
       3.202669  9.99532E-01  4.67939E-04  6.66706E-08  6.12444E-12  6.48768E-16  1.10244E-19  1.86302E-23  1.44776E-27  4.66881E-32  7.12009E-37
       3.302752  9.99562E-01  4.38381E-04  8.98920E-08  1.27860E-11  1.92750E-15  2.71283E-19  2.45945E-23  1.71830E-27  7.30059E-32  1.53874E-36
       3.402836  9.99602E-01  3.97967E-04  1.06308E-07  2.14050E-11  4.61036E-15  8.09598E-19  4.87396E-23  7.26339E-28  4.41897E-32  2.31664E-36
       3.502919  9.99607E-01  3.93092E-04  1.23042E-07  3.20177E-11  9.47001E-15  2.33485E-18  2.01621E-22  4.24645E-27  1.31227E-31  8.52076E-36
       3.603003  9.99546E-01  4.53730E-04  1.54887E-07  4.73582E-11  1.80858E-14  6.21245E-18  8.97538E-22  5.87406E-26  2.84882E-30  9.68235E-35
       3.703086  9.99425E-01  5.75237E-04  2.15714E-07  7.33884E-11  3.41030E-14  1.55906E-17  3.42085E-21  3.69942E-25  2.26581E-29  7.80275E-34
       3.803169  9.99281E-01  7.18264E-04  3.11294E-07  1.17968E-10  6.47182E-14  3.77720E-17  1.13168E-20  1.60874E-24  1.13645E-28  4.21482E-33
       3.903253  9.99172E-01  8.27354E-04  4.32743E-07  1.87717E-10  1.21248E-13  8.88388E-17  3.37519E-20  5.60133E-24  4.26105E-28  1.65252E-32
       4.003336  9.99141E-01  8.58331E-04  5.50741E-07  2.82390E-10  2.16991E-13  2.00683E-16  9.36688E-20  1.72210E-23  1.35403E-27  5.26561E-32
       4.103420  9.99200E-01  7.99720E-04  6.22258E-07  3.88892E-10  3.61808E-13  4.28942E-16  2.46663E-19  5.06947E-23  4.20251E-27  1.66018E-31
       4.203503  9.99322E-01  6.76909E-04  6.16593E-07  4.83216E-10  5.57092E-13  8.60409E-16  6.20834E-19  1.49305E-22  1.40846E-26  6.26604E-31
       4.303586  9.99462E-01  5.37524E-04  5.41635E-07  5.45695E-10  7.98505E-13  1.62263E-15  1.49160E-18  4.37566E-22  5.01419E-26  2.74103E-30
       4.403670  9.99573E-01  4.26808E-04  4.42102E-07  5.78960E-10  1.08969E-12  2.90328E-15  3.40010E-18  1.23219E-21  1.73924E-25  1.17602E-29
       4.503753  9.99633E-01  3.66879E-04  3.68440E-07  6.10498E-10  1.45994E-12  4.98784E-15  7.29560E-18  3.20902E-21  5.44301E-25  4.39815E-29
       4.603837  9.99649E-01  3.50822E-04  3.43326E-07  6.74219E-10  1.97232E-12  8.32205E-15  1.46497E-17  7.52518E-21  1.47057E-24  1.35857E-28
       4.703920  9.99646E-01  3.53708E-04  3.49698E-07  7.79735E-10  2.70549E-12  1.35963E-14  2.75461E-17  1.57527E-20  3.38566E-24  3.42419E-28
       4.804003  9.99647E-01  3.52930E-04  3.44585E-07  8.87624E-10  3.69619E-12  2.18210E-14  4.89773E-17  2.97989E-20  6.74389E-24  7.17824E-28
       4.904087  9.99654E-01  3.45233E-04  2.90539E-07  9.18992E-10  4.86731E-12  3.43276E-14  8.37842E-17  5.26056E-20  1.21096E-23  1.30898E-27
       5.004170  9.99650E-01  3.50152E-04  1.89432E-07  8.15842E-10  6.03069E-12  5.26516E-14  1.40372E-16  9.06255E-20  2.09025E-23  2.22694E-27
       5.104254  9.99602E-01  3.97819E-04  9.92919E-08  6.20623E-10  7.04870E-12  7.83636E-14  2.32261E-16  1.58500E-19  3.75271E-23  3.95573E-27
       5.204337  9.99492E-01  5.08371E-04  1.20673E-07  5.12354E-10  8.11968E-12  1.13104E-13  3.76996E-16  2.84186E-19  7.38883E-23  8.41211E-27
       5.304420  9.99324E-01  6.75285E-04  3.49533E-07  7.72013E-10  1.00435E-11  1.59393E-13  5.89420E-16  5.05579E-19  1.53512E-22  2.09861E-26
       5.404504  9.99136E-01  8.62992E-04  8.07446E-07  1.68619E-09  1.43023E-11  2.23033E-13  8.70940E-16  8.42225E-19  3.00380E-22  4.99433E-26
       5.504587  9.98977E-01  1.02127E-03  1.39214E-06  3.38419E-09  2.27881E-11  3.17269E-13  1.20843E-15  1.24613E-18  4.98053E-22  9.56463E-26
       5.604671  9.98889E-01  1.10950E-03  1.91473E-06  5.67393E-09  3.71135E-11  4.67256E-13  1.60480E-15  1.59282E-18  6.51860E-22  1.34365E-25
       5.704754  9.98880E-01  1.11825E-03  2.23252E-06  8.10834E-09  5.79662E-11  7.13082E-13  2.15158E-15  1.79501E-18  6.32038E-22  1.22489E-25
       5.804837  9.98921E-01  1.07662E-03  2.37247E-06  1.03906E-08  8.55399E-11  1.11299E-12  3.13730E-15  2.08295E-18  4.63952E-22  5.08418E-26
       5.904921  9.98957E-01  1.04096E-03  2.52462E-06  1.27701E-08  1.21377E-10  1.75253E-12  5.19346E-15  3.51908E-18  7.88140E-22  1.12741E-25
       6.005004  9.98927E-01  1.06978E-03  2.91910E-06  1.59950E-08  1.70253E-10  2.76430E-12  9.48276E-15  8.77661E-18  3.73675E-21  1.09180E-24
       6.105088  9.98800E-01  1.19663E-03  3.70317E-06  2.08542E-08  2.40075E-10  4.35649E-12  1.78887E-14  2.26783E-17  1.36562E-20  4.75569E-24
       6.205171  9.98581E-01  1.41372E-03  4.87016E-06  2.76436E-08  3.38564E-10  6.83849E-12  3.31677E-14  5.15211E-17  3.59480E-20  1.32806E-23
       6.305254  9.98320E-01  1.67380E-03  6.21234E-06  3.57602E-08  4.67099E-10  1.06181E-11  5.92211E-14  1.01904E-16  7.42145E-20  2.74522E-23
       6.405338  9.98084E-01  1.90903E-03  7.33417E-06  4.35807E-08  6.15139E-10  1.61474E-11  1.01889E-13  1.83284E-16  1.31816E-19  4.68004E-23
       6.505421  9.97935E-01  2.05759E-03  7.81996E-06  4.89648E-08  7.61123E-10  2.38366E-11  1.70529E-13  3.18354E-16  2.24938E-19  7.57291E-23
       6.605505  9.97906E-01  2.08607E-03  7.49900E-06  5.04898E-08  8.82905E-10  3.40082E-11  2.79934E-13  5.60133E-16  4.08534E-19  1.37653E-22
       6.705588  9.97994E-01  1.99917E-03  6.56932E-06  4.85332E-08  9.71758E-10  4.69400E-11  4.51127E-13  1.00880E-15  8.13362E-19  3.01963E-22
       6.805671  9.98160E-01  1.83458E-03  5.44333E-06  4.50237E-08  1.03814E-09  6.29777E-11  7.08964E-13  1.81176E-15  1.67370E-18  7.19051E-22
       6.905755  9.98348E-01  1.64770E-03  4.47011E-06  4.20203E-08  1.10380E-09  8.26527E-11  1.07592E-12  3.12142E-15  3.27808E-18  1.60930E-21
       7.005838  9.98502E-01  1.49436E-03  3.78260E-06  4.03917E-08  1.18653E-09  1.06737E-10  1.56561E-12  5.01289E-15  5.79311E-18  3.13031E-21
       7.105922  9.98578E-01  1.41844E-03  3.33324E-06  3.94063E-08  1.28772E-09  1.36147E-10  2.18284E-12  7.43555E-15  9.09526E-18  5.20048E-21
       7.206005  9.98550E-01  1.44718E-03  3.01712E-06  3.73330E-08  1.38965E-09  1.71672E-10  2.93344E-12  1.02889E-14  1.28739E-17  7.53674E-21
       7.306088  9.98406E-01  1.59105E-03  2.80070E-06  3.29219E-08  1.46690E-09  2.13677E-10  3.83646E-12  1.35952E-14  1.70056E-17  9.94602E-21
       7.406172  9.98154E-01  1.84343E-03  2.81939E-06  2.70888E-08  1.51039E-09  2.62091E-10  4.92415E-12  1.76235E-14  2.18939E-17  1.25922E-20
       7.506255  9.97819E-01  2.17739E-03  3.36809E-06  2.34753E-08  1.55019E-09  3.16869E-10  6.21954E-12  2.28383E-14  2.86138E-17  1.62334E-20
       7.606339  9.97453E-01  2.54243E-03  4.71251E-06  2.70448E-08  1.65903E-09  3.78896E-10  7.69861E-12  2.95996E-14  3.86938E-17  2.25256E-20
       7.706422  9.97125E-01  2.86774E-03  6.79497E-06  4.13180E-08  1.93003E-09  4.51044E-10  9.26696E-12  3.76077E-14  5.28267E-17  3.32962E-20
       7.806505  9.96913E-01  3.07762E-03  9.07479E-06  6.57361E-08  2.43674E-09  5.38950E-10  1.07924E-11  4.54542E-14  6.85615E-17  4.75586E-20
       7.906589  9.96871E-01  3.11821E-03  1.07262E-05  9.48273E-08  3.19340E-09  6.50944E-10  1.22080E-11  5.10476E-14  7.97563E-17  5.92095E-20
       8.006672  9.97002E-01  2.98652E-03  1.11539E-05  1.20763E-07  4.14382E-09  7.97035E-10  1.36430E-11  5.31476E-14  8.04094E-17  6.05172E-20
       8.106756  9.97243E-01  2.74688E-03  1.04706E-05  1.38877E-07  5.20413E-09  9.87807E-10  1.55095E-11  5.31478E-14  7.06750E-17  4.98054E-20
       8.206839  9.97469E-01  2.52174E-03  9.54592E-06  1.52114E-07  6.34481E-09  1.23452E-09  1.85227E-11  5.63292E-14  6.17553E-17  3.79775E-20
       8.306922  9.97537E-01  2.45348E-03  9.59473E-06  1.70125E-07  7.64826E-09  1.55080E-09  2.36672E-11  7.24301E-14  7.97460E-17  5.42344E-20
       8.407006  9.97340E-01  2.64819E-03  1.16235E-05  2.03494E-07  9.28239E-09  1.95505E-09  3.21121E-11  1.14342E-13  1.64153E-16  1.47154E-19
       8.507089  9.96859E-01  3.12442E-03  1.60014E-05  2.57380E-07  1.13854E-08  2.47147E-09  4.50817E-11  1.93292E-13  3.49548E-16  3.61267E-19
       8.607173  9.96185E-01  3.79202E-03  2.21681E-05  3.27734E-07  1.39180E-08  3.12734E-09  6.38012E-11  3.13651E-13  6.37401E-16  6.90091E-19
       8.707256  9.95496E-01  4.47527E-03  2.85543E-05  4.00750E-07  1.65831E-08  3.94552E-09  8.96870E-11  4.75808E-13  9.99450E-16  1.07064E-18
       8.807339  9.94992E-01  4.97466E-03  3.30266E-05  4.56368E-07  1.89045E-08  4.93525E-09  1.24760E-10  6.90014E-13  1.43640E-15  1.46992E-18
       8.907423  9.94823E-01  5.14303E-03  3.39169E-05  4.76983E-07  2.04606E-08  6.08778E-09  1.71935E-10  9.91711E-13  2.05389E-15  2.01003E-18
       9.007506  9.95025E-01  4.94392E-03  3.10002E-05  4.57783E-07  2.11278E-08  7.38194E-09  2.34671E-10  1.44505E-12  3.10321E-15  3.06318E-18
       9.107590  9.95506E-01  4.46752E-03  2.56064E-05  4.10308E-07  2.11482E-08  8.79785E-09  3.15709E-10  2.12488E-12  4.94425E-15  5.26205E-18
       9.207673  9.96083E-01  3.89685E-03  1.98098E-05  3.55688E-07  2.09758E-08  1.03314E-08  4.15277E-10  3.07303E-12  7.86609E-15  9.24931E-18
       9.307756  9.96545E-01  3.43878E-03  1.54193E-05  3.13103E-07  2.10409E-08  1.20003E-08  5.29928E-10  4.24648E-12  1.17792E-14  1.50507E-17
       9.407840  9.96737E-01  3.24896E-03  1.33988E-05  2.90667E-07  2.15665E-08  1.38343E-08  6.53284E-10  5.50685E-12  1.60546E-14  2.15880E-17
       9.507923  9.96604E-01  3.38161E-03  1.37480E-05  2.82481E-07  2.24636E-08  1.58525E-08  7.78744E-10  6.68737E-12  1.98290E-14  2.71870E-17
       9.608007  9.96202E-01  3.78194E-03  1.56645E-05  2.73592E-07  2.33311E-08  1.80410E-08  9.02398E-10  7.69518E-12  2.25856E-14  3.07857E-17
       9.708090  9.95663E-01  4.31838E-03  1.79787E-05  2.51549E-07  2.36510E-08  2.03510E-08  1.02368E-09  8.55788E-12  2.44339E-14  3.24744E-17
       9.808173  9.95144E-01  4.83561E-03  1.97755E-05  2.17267E-07  2.31550E-08  2.27229E-08  1.14285E-09  9.37953E-12  2.59248E-14  3.31001E-17
       9.908257  9.94774E-01  5.20464E-03  2.08061E-05  1.85760E-07  2.21068E-08  2.51248E-08  1.25709E-09  1.02483E-11  2.77166E-14  3.39060E-17
      10.008340  9.94625E-01  5.35362E-03  2.13392E-05  1.75496E-07  2.12388E-08  2.75833E-08  1.35879E-09  1.11459E-11  3.01959E-14  3.62463E-17
      10.108424  9.94703E-01  5.27552E-03  2.16267E-05  1.95762E-07  2.13614E-08  3.01891E-08  1.43834E-09  1.19039E-11  3.29859E-14  4.04546E-17
      10.208507  9.94959E-01  5.01905E-03  2.15494E-05  2.41552E-07  2.29279E-08  3.30744E-08  1.49076E-09  1.22668E-11  3.47962E-14  4.45896E-17
      10.308590  9.95306E-01  4.67269E-03  2.08073E-05  2.97618E-07  2.58549E-08  3.63689E-08  1.52200E-09  1.20654E-11  3.41900E-14  4.53765E-17
      10.408674  9.95633E-01  4.34749E-03  1.94703E-05  3.48749E-07  2.96946E-08  4.01597E-08  1.55064E-09  1.13829E-11  3.07502E-14  4.09716E-17
      10.508757  9.95823E-01  4.15844E-03  1.83722E-05  3.91513E-07  3.40194E-08  4.44850E-08  1.60436E-09  1.05930E-11  2.55772E-14  3.24164E-17
      10.608841  9.95780E-01  4.20081E-03  1.89745E-05  4.39987E-07  3.87656E-08  4.93712E-08  1.71401E-09  1.02896E-11  2.11250E-14  2.33645E-17
      10.708924  9.95455E-01  4.52164E-03  2.27363E-05  5.19566E-07  4.43372E-08  5.48912E-08  1.90809E-09  1.11534E-11  2.08512E-14  1.99977E-17
      10.809008  9.94875E-01  5.09419E-03  3.03037E-05  6.51103E-07  5.14225E-08  6.11992E-08  2.20880E-09  1.37232E-11  2.81031E-14  2.97500E-17
      10.909091  9.94149E-01  5.80965E-03  4.08711E-05  8.34427E-07  6.05783E-08  6.85051E-08  2.63068E-09  1.81322E-11  4.39330E-14  5.61570E-17
      11.009174  9.93449E-01  6.49782E-03  5.20430E-05  1.04029E-06  7.17255E-08  7.69844E-08  3.18339E-09  2.40920E-11  6.59810E-14  9.41374E-17
      11.109258  9.92961E-01  6.97683E-03  6.04975E-05  1.21659E-06  8.38388E-08  8.66652E-08  3.87802E-09  3.12969E-11  9.08114E-14  1.33945E-16
      11.209341  9.92818E-01  7.11666E-03  6.34166E-05  1.31001E-06  9.51810E-08  9.73644E-08  4.73197E-09  3.99666E-11  1.18218E-13  1.72113E-16
      11.309425  9.93047E-01  6.89107E-03  5.99736E-05  1.29440E-06  1.04111E-07  1.08732E-07  5.76482E-09  5.10326E-11  1.53612E-13  2.19174E-16
      11.409508  9.93552E-01  6.39446E-03  5.18505E-05  1.18703E-06  1.09970E-07  1.20396E-07  6.98229E-09  6.57235E-11  2.06580E-13  2.99136E-16
      11.509591  9.94143E-01  5.81320E-03  4.23764E-05  1.03930E-06  1.13403E-07  1.32126E-07  8.35474E-09  8.46455E-11  2.85523E-13  4.39583E-16
      11.609675  9.94604E-01  5.36017E-03  3.49208E-05  9.08101E-07  1.15897E-07  1.43913E-07  9.80674E-09  1.06807E-10  3.89580E-13  6.50309E-16
      11.709758  9.94770E-01  5.19781E-03  3.15431E-05  8.27161E-07  1.18867E-07  1.55923E-07  1.12316E-08  1.29415E-10  5.03498E-13  9.01886E-16
      11.809842  9.94585E-01  5.38115E-03  3.24269E-05  7.93790E-07  1.22779E-07  1.68318E-07  1.25281E-08  1.49013E-10  6.03185E-13  1.13228E-15
      11.909925  9.94119E-01  5.84379E-03  3.60833E-05  7.75869E-07  1.26777E-07  1.81075E-07  1.36364E-08  1.63317E-10  6.70064E-13  1.28641E-15
      12.010008  9.93529E-01  6.43015E-03  4.01753E-05  7.34949E-07  1.29093E-07  1.93912E-07  1.45468E-08  1.72221E-10  7.01012E-13  1.34875E-15
      12.110092  9.92999E-01  6.95731E-03  4.26910E-05  6.52751E-07  1.28126E-07  2.06394E-07  1.52758E-08  1.77254E-10  7.05821E-13  1.33824E-15
      12.210175  9.92677E-01  7.27897E-03  4.28633E-05  5.43602E-07  1.23548E-07  2.18174E-07  1.58307E-08  1.80198E-10  6.98345E-13  1.28572E-15
      12.310259  9.92630E-01  7.32761E-03  4.12175E-05  4.43779E-07  1.16685E-07  2.29229E-07  1.61909E-08  1.81911E-10  6.89503E-13  1.22287E-15
      12.410342  9.92837E-01  7.12348E-03  3.87870E-05  3.87142E-07  1.09987E-07  2.39935E-07  1.63240E-08  1.81858E-10  6.82602E-13  1.17549E-15
      12.510425  9.93209E-01  6.75444E-03  3.62543E-05  3.85820E-07  1.06003E-07  2.50947E-07  1.62241E-08  1.78518E-10  6.70634E-13  1.14643E-15
      12.610509  9.93625E-01  6.34081E-03  3.37500E-05  4.26953E-07  1.06438E-07  2.62927E-07  1.59481E-08  1.70632E-10  6.40140E-13  1.10622E-15
      12.710592  9.93967E-01  6.00094E-03  3.13312E-05  4.84723E-07  1.11652E-07  2.76288E-07  1.56240E-08  1.58570E-10  5.82125E-13  1.01601E-15
      12.810676  9.94142E-01  5.82722E-03  2.95659E-05  5.40588E-07  1.20762E-07  2.91099E-07  1.54273E-08  1.44845E-10  5.00961E-13  8.62816E-16
      12.910759  9.94096E-01  5.87318E-03  2.96637E-05  5.99964E-07  1.32355E-07  3.07217E-07  1.55403E-08  1.33562E-10  4.14790E-13  6.71582E-16
      13.010842  9.93819E-01  6.14684E-03  3.30161E-05  6.92526E-07  1.45547E-07  3.24570E-07  1.61137E-08  1.29368E-10  3.50949E-13  4.97038E-16
      13.110926  9.93352E-01  6.60666E-03  4.04080E-05  8.52983E-07  1.60761E-07  3.43391E-07  1.72410E-08  1.36165E-10  3.39198E-13  4.12611E-16
      13.211009  9.92785E-01  7.16221E-03  5.13018E-05  1.09421E-06  1.79574E-07  3.64235E-07  1.89517E-08  1.55637E-10  3.99819E-13  4.85266E-16
      13.311093  9.92248E-01  7.68613E-03  6.35741E-05  1.39051E-06  2.03499E-07  3.87734E-07  2.12252E-08  1.86466E-10  5.30456E-13  7.30559E-16
      13.411176  9.91881E-01  8.04261E-03  7.39787E-05  1.68127E-06  2.32455E-07  4.14180E-07  2.40237E-08  2.25418E-10  7.06489E-13  1.09109E-15
      13.511259  9.91789E-01  8.12892E-03  7.93538E-05  1.89387E-06  2.64107E-07  4.43207E-07  2.73250E-08  2.69996E-10  9.00821E-13  1.47977E-15
      13.611343  9.92003E-01  7.91660E-03  7.81090E-05  1.97580E-06  2.94730E-07  4.73767E-07  3.11255E-08  3.20560E-10  1.10711E-12  1.85417E-15
      13.711426  9.92452E-01  7.47375E-03  7.11201E-05  1.92039E-06  3.21023E-07  5.04488E-07  3.54011E-08  3.80092E-10  1.34702E-12  2.25606E-15
      13.811510  9.92982E-01  6.95356E-03  6.13830E-05  1.76997E-06  3.41634E-07  5.34241E-07  4.00445E-08  4.51582E-10  1.65727E-12  2.79642E-15
      13.911593  9.93398E-01  6.54702E-03  5.26248E-05  1.59322E-06  3.57480E-07  5.62597E-07  4.48275E-08  5.34453E-10  2.06247E-12  3.59390E-15
      14.011676  9.93536E-01  6.41367E-03  4.77502E-05  1.45058E-06  3.70914E-07  5.89868E-07  4.94307E-08  6.22329E-10  2.54544E-12  4.67599E-15
      14.111760  9.93333E-01  6.61706E-03  4.78673E-05  1.36822E-06  3.84296E-07  6.16699E-07  5.35399E-08  7.04378E-10  3.03828E-12  5.90352E-15
      14.211843  9.92852E-01  7.09346E-03  5.20432E-05  1.33248E-06  3.98524E-07  6.43452E-07  5.69559E-08  7.70265E-10  3.45282E-12  7.01994E-15
      14.311927  9.92270E-01  7.67015E-03  5.76881E-05  1.30359E-06  4.12175E-07  6.69787E-07  5.96438E-08  8.15280E-10  3.73131E-12  7.81556E-15
      14.412010  9.91807E-01  8.12857E-03  6.15609E-05  1.23927E-06  4.21902E-07  6.94734E-07  6.16914E-08  8.41629E-10  3.87183E-12  8.23935E-15
      14.512093  9.91649E-01  8.28758E-03  6.12012E-05  1.11668E-06  4.24259E-07  7.17248E-07  6.32057E-08  8.55394E-10  3.91093E-12  8.35467E-15
      14.612177  9.91868E-01  8.07340E-03  5.60747E-05  9.42277E-07  4.18006E-07  7.36917E-07  6.42250E-08  8.62127E-10  3.89147E-12  8.23906E-15
      14.712260  9.92402E-01  7.54859E-03  4.76775E-05  7.46629E-07  4.05372E-07  7.54366E-07  6.47045E-08  8.63918E-10  3.84354E-12  7.95649E-15
      14.812344  9.93070E-01  6.88947E-03  3.85970E-05  5.70684E-07  3.91413E-07  7.71096E-07  6.45820E-08  8.58807E-10  3.77689E-12  7.57985E-15
      14.912427  9.93645E-01  6.32154E-03  3.13107E-05  4.51927E-07  3.81907E-07  7.88867E-07  6.38775E-08  8.42450E-10  3.67664E-12  7.16900E-15
      15.012510  9.93932E-01  6.03847E-03  2.74795E-05  4.12890E-07  3.81037E-07  8.08991E-07  6.27630E-08  8.11547E-10  3.51081E-12  6.71660E-15
      15.112594  9.93835E-01  6.13546E-03  2.78464E-05  4.54376E-07  3.89948E-07  8.31932E-07  6.15637E-08  7.67354E-10  3.25577E-12  6.15987E-15
      15.212677  9.93385E-01  6.58029E-03  3.23828E-05  5.59881E-07  4.06788E-07  8.57418E-07  6.06921E-08  7.17006E-10  2.92121E-12  5.45726E-15
      15.312761  9.92728E-01  7.22955E-03  4.03835E-05  7.11519E-07  4.28245E-07  8.84957E-07  6.05560E-08  6.71977E-10  2.55502E-12  4.63488E-15
      15.412844  9.92067E-01  7.88002E-03  5.04830E-05  9.03502E-07  4.51885E-07  9.14439E-07  6.14786E-08  6.44868E-10  2.23174E-12  3.78564E-15
      15.512927  9.91602E-01  8.33468E-03  6.07326E-05  1.13783E-06  4.77894E-07  9.46419E-07  6.36569E-08  6.45771E-10  2.03409E-12  3.06665E-15
      15.613011  9.91467E-01  8.46152E-03  6.89087E-05  1.40530E-06  5.08905E-07  9.81878E-07  6.71631E-08  6.79133E-10  2.02490E-12  2.66934E-15
      15.713094  9.91694E-01  8.22958E-03  7.31112E-05  1.67262E-06  5.47851E-07  1.02160E-06  7.19785E-08  7.42695E-10  2.21655E-12  2.71951E-15
      15.813178  9.92208E-01  7.71550E-03  7.24853E-05  1.89128E-06  5.95256E-07  1.06554E-06  7.80392E-08  8.30056E-10  2.56650E-12  3.18417E-15
      15.913261  9.92847E-01  7.08138E-03  6.76849E-05  2.02187E-06  6.47980E-07  1.11252E-06  8.52631E-08  9.35798E-10  3.01401E-12  3.90713E-15
      16.013344  9.93405E-01  6.52982E-03  6.07645E-05  2.05418E-06  7.00387E-07  1.16057E-06  9.35342E-08  1.05933E-09  3.53039E-12  4.75446E-15
      16.113428  9.93695E-01  6.24622E-03  5.45172E-05  2.00994E-06  7.47098E-07  1.20763E-06  1.02644E-07  1.20424E-09  4.14166E-12  5.73611E-15
      16.213511  9.93603E-01  6.34155E-03  5.15573E-05  1.93036E-06  7.85432E-07  1.25225E-06  1.12236E-07  1.37333E-09  4.90690E-12  7.01732E-15
      16.313595  9.93131E-01  6.81115E-03  5.34330E-05  1.85920E-06  8.16025E-07  1.29394E-06  1.21806E-07  1.56250E-09  5.86388E-12  8.80844E-15
      16.413678  9.92411E-01  7.52473E-03  5.99159E-05  1.82827E-06  8.41520E-07  1.33292E-06  1.30796E-07  1.75844E-09  6.97650E-12  1.11774E-14
      16.513761  9.91671E-01  8.25609E-03  6.86743E-05  1.84477E-06  8.64373E-07  1.36945E-06  1.38754E-07  1.94293E-09  8.13193E-12  1.39362E-14
      16.613845  9.91171E-01  8.74929E-03  7.57497E-05  1.88084E-06  8.85115E-07  1.40320E-06  1.45451E-07  2.10169E-09  9.20427E-12  1.67588E-14
      16.713928  9.91115E-01  8.80393E-03  7.70925E-05  1.87637E-06  9.01890E-07  1.43316E-06  1.50887E-07  2.23074E-09  1.01302E-11  1.94326E-14
      16.814012  9.91573E-01  8.35160E-03  7.06153E-05  1.76714E-06  9.11454E-07  1.45808E-06  1.55169E-07  2.33507E-09  1.09220E-11  2.19466E-14
      16.914095  9.92444E-01  7.49458E-03  5.74741E-05  1.52810E-06  9.11205E-07  1.47739E-06  1.58353E-07  2.42101E-09  1.16131E-11  2.43217E-14
      17.014178  9.93467E-01  6.48747E-03  4.15935E-05  1.19902E-06  9.01261E-07  1.49193E-06  1.60351E-07  2.48884E-09  1.21973E-11  2.64132E-14
      17.114262  9.94308E-01  5.66119E-03  2.77987E-05  8.68806E-07  8.85423E-07  1.50400E-06  1.60984E-07  2.53067E-09  1.26143E-11  2.79171E-14
      17.214345  9.94667E-01  5.31035E-03  1.99240E-05  6.29231E-07  8.70324E-07  1.51661E-06  1.60148E-07  2.53449E-09  1.27792E-11  2.85627E-14
      17.314429  9.94394E-01  5.58296E-03  1.98727E-05  5.31590E-07  8.62895E-07  1.53238E-06  1.58002E-07  2.49221E-09  1.26316E-11  2.82960E-14
      17.414512  9.93554E-01  6.41589E-03  2.74579E-05  5.73242E-07  8.67263E-07  1.55260E-06  1.55057E-07  2.40702E-09  1.21762E-11  2.73121E-14
      17.514595  9.92411E-01  7.54551E-03  4.04469E-05  7.14599E-07  8.82969E-07  1.57710E-06  1.52126E-07  2.29555E-09  1.14923E-11  2.59329E-14
      17.614679  9.91348E-01  8.59405E-03  5.48774E-05  9.05912E-07  9.05990E-07  1.60482E-06  1.50142E-07  2.18308E-09  1.07021E-11  2.44177E-14
      17.714762  9.90729E-01  9.20107E-03  6.61493E-05  1.10428E-06  9.32145E-07  1.63475E-06  1.49944E-07  2.09591E-09  9.92699E-12  2.28309E-14
      17.814846  9.90774E-01  9.15114E-03  7.07976E-05  1.27884E-06  9.60385E-07  1.66667E-06  1.52105E-07  2.05528E-09  9.27174E-12  2.10915E-14
      17.914929  9.91477E-01  8.45097E-03  6.79719E-05  1.41412E-06  9.93415E-07  1.70124E-06  1.56875E-07  2.07441E-09  8.83559E-12  1.91856E-14
      18.015013  9.92607E-01  7.32922E-03  5.96814E-05  1.51619E-06  1.03531E-06  1.73951E-06  1.64204E-07  2.15735E-09  8.71195E-12  1.73456E-14
      18.115096  9.93785E-01  6.16051E-03  4.97613E-05  1.61292E-06  1.08824E-06  1.78208E-06  1.73847E-07  2.29969E-09  8.95989E-12  1.59999E-14
      18.215179  9.94612E-01  5.34081E-03  4.23005E-05  1.73738E-06  1.15063E-06  1.82849E-06  1.85477E-07  2.49276E-09  9.58223E-12  1.55302E-14
      18.315263  9.94798E-01  5.15678E-03  4.03242E-05  1.90212E-06  1.21771E-06  1.87690E-06  1.98753E-07  2.72995E-09  1.05488E-11  1.60955E-14
      18.415346  9.94257E-01  5.69223E-03  4.51115E-05  2.08960E-06  1.28343E-06  1.92441E-06  2.13326E-07  3.01068E-09  1.18489E-11  1.76887E-14
      18.515430  9.93137E-01  6.80130E-03  5.60808E-05  2.27142E-06  1.34264E-06  1.96801E-06  2.28766E-07  3.33827E-09  1.35189E-11  2.03202E-14
      18.615513  9.91768E-01  8.15486E-03  7.09627E-05  2.43664E-06  1.39262E-06  2.00556E-06  2.44499E-07  3.71267E-09  1.56162E-11  2.41255E-14
      18.715596  9.90565E-01  9.34305E-03  8.61036E-05  2.59594E-06  1.43361E-06  2.03640E-06  2.59809E-07  4.12347E-09  1.81570E-11  2.93042E-14
      18.815680  9.89896E-01  1.00001E-02  9.70667E-05  2.75270E-06  1.46812E-06  2.06099E-06  2.73951E-07  4.54891E-09  2.10716E-11  3.59674E-14
      18.915763  9.89980E-01  9.91330E-03  9.98125E-05  2.87144E-06  1.49906E-06  2.07991E-06  2.86319E-07  4.96314E-09  2.42241E-11  4.40798E-14
      19.015847  9.90816E-01  9.08530E-03  9.23092E-05  2.88241E-06  1.52727E-06  2.09312E-06  2.96589E-07  5.34696E-09  2.74897E-11  5.35995E-14
      19.115930  9.92182E-01  7.73513E-03  7.57660E-05  2.72763E-06  1.55029E-06  2.09999E-06  3.04718E-07  5.69347E-09  3.08126E-11  6.46248E-14
      19.216013  9.93700E-01  6.23931E-03  5.45625E-05  2.41056E-06  1.56366E-06  2.10019E-06  3.10797E-07  6.00311E-09  3.41685E-11  7.72272E-14
      19.316097  9.94930E-01  5.02883E-03  3.46908E-05  2.00513E-06  1.56422E-06  2.09471E-06  3.14834E-07  6.27206E-09  3.74541E-11  9.09735E-14
      19.416180  9.95506E-01  4.46736E-03  2.15573E-05  1.61680E-06  1.55307E-06  2.08611E-06  3.16650E-07  6.48410E-09  4.04151E-11  1.04583E-13
      19.516264  9.95235E-01  4.74124E-03  1.83273E-05  1.33014E-06  1.53577E-06  2.07798E-06  3.15993E-07  6.61355E-09  4.26993E-11  1.16205E-13
      19.616347  9.94177E-01  5.79302E-03  2.53401E-05  1.18218E-06  1.51943E-06  2.07371E-06  3.12843E-07  6.63865E-09  4.40190E-11  1.24324E-13
      19.716430  9.92632E-01  7.32300E-03  4.02507E-05  1.16878E-06  1.50925E-06  2.07549E-06  3.07685E-07  6.55721E-09  4.43135E-11  1.28670E-13
      19.816514  9.91070E-01  8.86684E-03  5.84632E-05  1.26138E-06  1.50687E-06  2.08372E-06  3.01573E-07  6.39414E-09  4.37939E-11  1.30364E-13
      19.916597  9.89988E-01  9.93225E-03  7.40438E-05  1.41382E-06  1.51137E-06  2.09721E-06  2.95937E-07  6.19580E-09  4.28374E-11  1.31128E-13
      20.016681  9.89758E-01  1.01554E-02  8.15107E-05  1.56542E-06  1.52146E-06  2.11395E-06  2.92230E-07  6.01509E-09  4.18116E-11  1.32190E-13
      20.116764  9.90490E-01  9.42594E-03  7.80923E-05  1.66002E-06  1.53709E-06  2.13218E-06  2.91599E-07  5.89695E-09  4.09557E-11  1.33673E-13
      20.216847  9.91993E-01  7.93612E-03  6.51307E-05  1.67955E-06  1.55989E-06  2.15129E-06  2.94706E-07  5.87088E-09  4.03855E-11  1.34824E-13
      20.316931  9.93813E-01  6.13334E-03  4.75925E-05  1.66351E-06  1.59267E-06  2.17193E-06  3.01715E-07  5.95020E-09  4.01779E-11  1.34828E-13
      20.417014  9.95376E-01  4.58599E-03  3.19924E-05  1.69032E-06  1.63849E-06  2.19539E-06  3.12405E-07  6.13494E-09  4.04388E-11  1.33662E-13
      20.517098  9.96166E-01  3.80358E-03  2.40189E-05  1.82846E-06  1.69910E-06  2.22246E-06  3.26334E-07  6.41719E-09  4.13024E-11  1.32336E-13
      20.617181  9.95897E-01  4.06914E-03  2.69203E-05  2.09373E-06  1.77316E-06  2.25243E-06  3.42997E-07  6.78911E-09  4.28977E-11  1.32376E-13
      20.717264  9.94611E-01  5.34079E-03  4.08622E-05  2.44684E-06  1.85523E-06  2.28295E-06  3.61911E-07  7.25091E-09  4.53471E-11  1.35081E-13
      20.817348  9.92672E-01  7.25748E-03  6.30158E-05  2.82961E-06  1.93702E-06  2.31073E-06  3.82627E-07  7.81308E-09  4.88020E-11  1.41214E-13
      20.917431  9.90654E-01  9.24937E-03  8.81932E-05  3.20258E-06  2.01071E-06  2.33285E-06  4.04662E-07  8.48946E-09  5.34584E-11  1.51273E-13
      21.017515  9.89165E-01  1.07169E-02  1.09971E-04  3.54827E-06  2.07213E-06  2.34786E-06  4.27408E-07  9.28433E-09  5.95101E-11  1.65929E-13
      21.117598  9.88650E-01  1.12188E-02  1.22243E-04  3.84219E-06  2.12171E-06  2.35591E-06  4.50084E-07  1.01822E-08  6.70601E-11  1.86228E-13
      21.217681  9.89264E-01  1.06063E-02  1.21001E-04  4.02944E-06  2.16239E-06  2.35791E-06  4.71820E-07  1.11489E-08  7.60711E-11  2.13487E-13
      21.317765  9.90822E-01  9.06331E-03  1.05921E-04  4.04054E-06  2.19640E-06  2.35437E-06  4.91859E-07  1.21459E-08  8.64251E-11  2.49188E-13
      21.417848  9.92866E-01  7.04425E-03  8.10065E-05  3.83996E-06  2.22323E-06  2.34498E-06  5.09731E-07  1.31472E-08  9.80530E-11  2.94998E-13
      21.517932  9.94801E-01  5.13639E-03  5.35935E-05  3.46382E-06  2.24019E-06  2.32917E-06  5.25252E-07  1.41440E-08  1.10976E-10  3.52533E-13
      21.618015  9.96069E-01  3.89095E-03  3.17845E-05  3.00977E-06  2.24491E-06  2.30720E-06  5.38297E-07  1.51308E-08  1.25146E-10  4.22413E-13
      21.718098  9.96300E-01  3.67051E-03  2.14427E-05  2.58612E-06  2.23773E-06  2.28095E-06  5.48524E-07  1.60823E-08  1.40178E-10  5.02890E-13
      21.818182  9.95418E-01  4.54997E-03  2.43767E-05  2.26392E-06  2.22191E-06  2.25380E-06  5.55331E-07  1.69423E-08  1.55192E-10  5.89094E-13
      21.918265  9.93661E-01  6.29307E-03  3.85048E-05  2.06664E-06  2.20180E-06  2.22973E-06  5.58151E-07  1.76364E-08  1.68971E-10  6.74023E-13
      22.018349  9.91523E-01  8.41052E-03  5.92950E-05  1.98990E-06  2.18063E-06  2.21213E-06  5.56896E-07  1.81047E-08  1.80430E-10  7.51441E-13
      22.118432  9.89623E-01  1.02886E-02  8.10904E-05  2.01756E-06  2.15998E-06  2.20273E-06  5.52296E-07  1.83375E-08  1.89162E-10  8.19278E-13
      22.218515  9.88536E-01  1.13595E-02  9.78006E-05  2.11571E-06  2.14120E-06  2.20115E-06  5.45895E-07  1.83898E-08  1.95680E-10  8.80954E-13
      22.318599  9.88618E-01  1.12707E-02  1.03788E-04  2.22112E-06  2.12690E-06  2.20524E-06  5.39730E-07  1.83640E-08  2.01142E-10  9.43147E-13
      22.418682  9.89894E-01  1.00034E-02  9.57852E-05  2.25698E-06  2.12082E-06  2.21210E-06  5.35848E-07  1.83710E-08  2.06733E-10  1.01137E-12
      22.518766  9.92018E-01  7.89935E-03  7.50964E-05  2.18230E-06  2.12661E-06  2.21938E-06  5.35877E-07  1.84944E-08  2.13128E-10  1.08645E-12
      22.618849  9.94366E-01  5.57917E-03  4.81597E-05  2.03635E-06  2.14711E-06  2.22618E-06  5.40811E-07  1.87749E-08  2.20357E-10  1.16398E-12
      22.718932  9.96201E-01  3.76753E-03  2.44492E-05  1.93059E-06  2.18496E-06  2.23307E-06  5.51038E-07  1.92180E-08  2.28078E-10  1.23716E-12
      22.819016  9.96909E-01  3.07120E-03  1.28400E-05  1.98552E-06  2.24274E-06  2.24126E-06  5.66528E-07  1.98148E-08  2.36026E-10  1.30121E-12
      22.919099  9.96196E-01  3.77770E-03  1.85073E-05  2.26182E-06  2.32123E-06  2.25130E-06  5.87061E-07  2.05653E-08  2.44379E-10  1.35675E-12
      23.019183  9.94207E-01  5.74310E-03  4.14937E-05  2.73891E-06  2.41614E-06  2.26209E-06  6.12372E-07  2.14956E-08  2.53903E-10  1.40996E-12
      23.119266  9.91499E-01  8.41589E-03  7.67828E-05  3.34513E-06  2.51700E-06  2.27073E-06  6.42185E-07  2.26619E-08  2.65871E-10  1.47009E-12
      23.219349  9.88875E-01  1.10000E-02  1.15461E-04  3.99638E-06  2.61074E-06  2.27349E-06  6.76134E-07  2.41367E-08  2.81813E-10  1.54642E-12
      23.319433  9.87134E-01  1.27083E-02  1.46940E-04  4.60726E-06  2.68830E-06  2.26745E-06  7.13596E-07  2.59784E-08  3.03150E-10  1.64664E-12
      23.419516  9.86808E-01  1.30191E-02  1.62091E-04  5.08545E-06  2.74860E-06  2.25162E-06  7.53450E-07  2.81954E-08  3.30769E-10  1.77671E-12
      23.519600  9.87986E-01  1.18463E-02  1.56387E-04  5.34265E-06  2.79653E-06  2.22674E-06  7.93946E-07  3.07247E-08  3.64729E-10  1.94135E-12
      23.619683  9.90294E-01  9.56282E-03  1.31748E-04  5.33017E-06  2.83701E-06  2.19404E-06  8.32841E-07  3.34430E-08  4.04283E-10  2.14471E-12
      23.719766  9.93016E-01  6.87677E-03  9.61834E-05  5.07118E-06  2.87058E-06  2.15422E-06  8.67882E-07  3.62110E-08  4.48346E-10  2.39127E-12
      23.819850  9.95323E-01  4.60556E-03  6.11839E-05  4.65812E-06  2.89398E-06  2.10753E-06  8.97358E-07  3.89236E-08  4.96116E-10  2.68644E-12
      23.919933  9.96526E-01  3.42588E-03  3.76626E-05  4.21440E-06  2.90382E-06  2.05480E-06  9.20304E-07  4.15262E-08  5.47304E-10  3.03546E-12
      24.020017  9.96282E-01  3.67640E-03  3.20833E-05  3.84779E-06  2.89886E-06  1.99824E-06  9.36219E-07  4.39820E-08  6.01592E-10  3.43945E-12
      24.120100  9.94678E-01  5.26759E-03  4.45961E-05  3.62184E-06  2.87877E-06  1.94147E-06  9.44604E-07  4.62172E-08  6.57644E-10  3.88984E-12
      24.220183  9.92203E-01  7.71770E-03  6.99499E-05  3.54958E-06  2.84191E-06  1.88877E-06  9.44839E-07  4.80948E-08  7.12486E-10  4.36532E-12
      24.320267  9.89593E-01  1.02974E-02  1.00108E-04  3.59767E-06  2.78620E-06  1.84405E-06  9.36578E-07  4.94491E-08  7.62031E-10  4.83587E-12
      24.420350  9.87624E-01  1.22397E-02  1.26605E-04  3.69525E-06  2.71325E-06  1.80971E-06  9.20335E-07  5.01679E-08  8.02771E-10  5.27495E-12
      24.520434  9.86892E-01  1.29575E-02  1.41801E-04  3.75293E-06  2.63171E-06  1.78582E-06  8.97782E-07  5.02669E-08  8.33570E-10  5.67305E-12
      24.620517  9.87638E-01  1.22129E-02  1.40030E-04  3.69220E-06  2.55522E-06  1.76993E-06  8.71558E-07  4.98976E-08  8.56108E-10  6.04061E-12
      24.720601  9.89679E-01  1.01925E-02  1.19696E-04  3.47495E-06  2.49614E-06  1.75806E-06  8.44732E-07  4.92807E-08  8.73476E-10  6.39546E-12
      24.820684  9.92440E-01  7.46646E-03  8.53208E-05  3.12425E-06  2.46070E-06  1.74641E-06  8.20251E-07  4.86126E-08  8.87968E-10  6.74316E-12
      24.920767  9.95108E-01  4.83664E-03  4.71886E-05  2.72984E-06  2.44964E-06  1.73296E-06  8.00585E-07  4.80067E-08  8.99717E-10  7.06503E-12
      25.020851  9.96865E-01  3.10998E-03  1.78083E-05  2.43085E-06  2.46302E-06  1.71816E-06  7.87649E-07  4.75011E-08  9.07067E-10  7.32328E-12
      25.120934  9.97130E-01  2.85484E-03  7.25026E-06  2.37343E-06  2.50312E-06  1.70434E-06  7.82908E-07  4.71126E-08  9.08382E-10  7.48246E-12
      25.221018  9.95761E-01  4.21145E-03  2.00422E-05  2.65428E-06  2.57185E-06  1.69425E-06  7.87474E-07  4.68964E-08  9.04106E-10  7.53519E-12
      25.321101  9.93115E-01  6.82185E-03  5.42721E-05  3.27576E-06  2.66489E-06  1.68943E-06  8.02083E-07  4.69789E-08  8.97771E-10  7.51473E-12
      25.421184  9.89972E-01  9.91677E-03  1.01905E-04  4.13740E-06  2.76887E-06  1.68916E-06  8.27014E-07  4.75503E-08  8.95424E-10  7.48476E-12
      25.521268  9.87293E-01  1.25466E-02  1.50094E-04  5.06756E-06  2.86605E-06  1.69049E-06  8.62021E-07  4.88257E-08  9.03977E-10  7.51478E-12
      25.621351  9.85917E-01  1.38873E-02  1.84494E-04  5.87944E-06  2.94378E-06  1.68938E-06  9.06290E-07  5.09905E-08  9.29463E-10  7.65901E-12
      25.721435  9.86277E-01  1.35164E-02  1.94475E-04  6.43076E-06  3.00080E-06  1.68237E-06  9.58313E-07  5.41389E-08  9.75755E-10  7.94905E-12
      25.821518  9.88251E-01  1.15589E-02  1.77680E-04  6.66459E-06  3.04541E-06  1.66770E-06  1.01565E-06  5.82221E-08  1.04387E-09  8.39761E-12
      25.921601  9.91195E-01  8.65103E-03  1.40993E-04  6.61283E-06  3.08804E-06  1.64544E-06  1.07490E-06  6.30350E-08  1.13185E-09  9.00493E-12
      26.021685  9.94158E-01  5.73251E-03  9.75122E-05  6.36558E-06  3.13484E-06  1.61688E-06  1.13213E-06  6.82675E-08  1.23556E-09  9.76416E-12
      26.121768  9.96187E-01  3.73896E-03  6.16683E-05  6.03320E-06  3.18641E-06  1.58386E-06  1.18393E-06  7.36083E-08  1.35049E-09  1.06681E-11
      26.221852  9.96644E-01  3.29947E-03  4.47197E-05  5.72544E-06  3.23942E-06  1.54851E-06  1.22814E-06  7.88381E-08  1.47361E-09  1.17177E-11
      26.321935  9.95396E-01  4.54074E-03  5.16155E-05  5.54206E-06  3.28711E-06  1.51309E-06  1.26382E-06  8.38438E-08  1.60394E-09  1.29257E-11
      26.422018  9.92848E-01  7.06068E-03  7.96936E-05  5.55124E-06  3.31828E-06  1.48001E-06  1.29046E-06  8.85468E-08  1.74100E-09  1.43047E-11
      26.522102  9.89796E-01  1.00726E-02  1.19733E-04  5.75244E-06  3.31847E-06  1.45179E-06  1.30730E-06  9.28129E-08  1.88216E-09  1.58452E-11
      26.622185  9.87167E-01  1.26616E-02  1.59186E-04  6.05230E-06  3.27621E-06  1.43093E-06  1.31333E-06  9.64209E-08  2.02116E-09  1.74963E-11
      26.722269  9.85738E-01  1.40635E-02  1.86112E-04  6.28558E-06  3.19157E-06  1.41932E-06  1.30779E-06  9.91222E-08  2.14920E-09  1.91699E-11
      26.822352  9.85913E-01  1.38826E-02  1.92163E-04  6.28221E-06  3.07966E-06  1.41703E-06  1.29086E-06  1.00760E-07  2.25844E-09  2.07723E-11
      26.922435  9.87623E-01  1.21910E-02  1.74297E-04  5.94450E-06  2.96439E-06  1.42128E-06  1.26410E-06  1.01371E-07  2.34565E-09  2.22453E-11
      27.022519  9.90359E-01  9.49447E-03  1.35836E-04  5.28922E-06  2.86653E-06  1.42689E-06  1.23068E-06  1.01188E-07  2.41322E-09  2.35832E-11
      27.122602  9.93321E-01  6.58197E-03  8.66355E-05  4.43953E-06  2.79558E-06  1.42834E-06  1.19499E-06  1.00544E-07  2.46655E-09  2.48101E-11
