# population in each left-qubit level over  time for $\ket{\Psi(t=0)} = \ket{00}$ (integrated over all cavity levels)
#        t [ns]            0            1            2            3            4            5            6            7            8            9
       0.000000  1.00000E+00  0.00000E+00  0.00000E+00  0.00000E+00  0.00000E+00  0.00000E+00  0.00000E+00  0.00000E+00  0.00000E+00  0.00000E+00
       0.100083  1.00000E+00  1.47733E-15  1.10026E-30  5.49635E-46  2.06745E-61  6.23275E-77  1.56532E-92  0.00000E+00  0.00000E+00  0.00000E+00
       0.200167  1.00000E+00  2.30464E-13  2.70074E-26  2.13894E-39  1.28377E-52  6.20774E-66  2.51074E-79  8.70657E-93  0.00000E+00  0.00000E+00
       0.300250  1.00000E+00  5.85385E-12  1.76708E-23  3.64583E-35  5.74766E-47  7.33744E-59  7.84871E-71  7.18741E-83  5.71375E-95  0.00000E+00
       0.400334  1.00000E+00  6.23651E-11  2.03800E-21  4.60804E-32  8.02582E-43  1.13597E-53  1.34571E-64  1.35687E-75  1.17552E-86  8.79455E-98
       0.500417  1.00000E+00  3.89987E-10  8.12229E-20  1.18736E-29  1.34889E-39  1.24873E-49  9.64135E-60  6.27472E-70  3.45518E-80  1.60995E-90
       0.600500  1.00000E+00  1.67001E-09  1.52619E-18  9.97372E-28  5.12352E-37  2.15199E-46  7.50104E-56  2.17552E-65  5.23309E-75  1.03835E-84
       0.700584  1.00000E+00  5.33395E-09  1.60893E-17  3.56191E-26  6.30327E-35  9.17537E-44  1.10278E-52  1.08607E-61  8.66249E-71  5.53187E-80
       0.800667  1.00000E+00  1.34134E-08  1.06442E-16  6.43686E-25  3.19309E-33  1.31816E-41  4.47901E-50  1.22691E-58  2.65068E-67  4.43686E-76
       0.900751  1.00000E+00  2.76255E-08  4.79865E-16  6.70723E-24  8.00520E-32  8.12142E-40  6.79267E-48  4.51012E-56  2.29769E-64  8.76514E-73
       1.000834  1.00000E+00  4.83245E-08  1.58422E-15  4.50809E-23  1.16339E-30  2.64359E-38  4.99673E-46  7.40193E-54  8.18789E-62  6.55766E-70
       1.100917  1.00000E+00  7.51964E-08  4.13462E-15  2.17151E-22  1.12699E-29  5.43283E-37  2.21663E-44  7.01269E-52  1.61233E-59  2.59681E-67
       1.201001  1.00000E+00  1.11409E-07  9.37469E-15  8.28359E-22  8.12116E-29  8.00321E-36  6.85445E-43  4.50113E-50  2.08468E-57  6.53558E-65
       1.301084  1.00000E+00  1.70059E-07  2.08648E-14  2.77457E-21  4.67827E-28  8.98820E-35  1.56888E-41  2.07155E-48  1.86060E-55  1.08880E-62
       1.401168  1.00000E+00  2.77451E-07  5.13338E-14  9.43959E-21  2.31933E-27  7.85194E-34  2.66931E-40  6.81203E-47  1.13214E-53  1.17340E-60
       1.501251  1.00000E+00  4.66483E-07  1.40412E-13  3.77769E-20  1.18201E-26  5.68285E-33  3.40746E-39  1.59677E-45  4.67046E-52  8.12008E-59
       1.601334  9.99999E-01  7.59283E-07  3.79837E-13  1.66760E-19  7.41350E-26  4.26448E-32  3.62819E-38  2.83545E-44  1.37704E-50  3.81446E-57
       1.701418  9.99999E-01  1.15010E-06  9.15646E-13  6.69377E-19  4.90875E-25  3.92294E-31  4.06871E-37  4.49525E-43  3.32104E-49  1.38639E-55
       1.801501  9.99998E-01  1.60770E-06  1.89700E-12  2.21353E-18  2.75297E-24  3.61686E-30  5.18452E-36  7.48866E-42  7.68291E-48  4.55574E-54
       1.901585  9.99998E-01  2.10912E-06  3.42084E-12  5.98005E-18  1.22781E-23  2.77742E-29  6.31650E-35  1.27883E-40  1.78687E-46  1.45524E-52
       2.001668  9.99997E-01  2.69132E-06  5.61012E-12  1.35642E-17  4.38398E-23  1.70446E-28  6.48450E-34  1.97472E-39  3.85906E-45  4.30076E-51
       2.101751  9.99997E-01  3.47838E-06  8.95884E-12  2.70493E-17  1.26690E-22  8.30890E-28  5.35677E-33  2.52010E-38  6.99375E-44  1.06425E-49
       2.201835  9.99995E-01  4.63874E-06  1.49701E-11  5.16837E-17  2.99748E-22  3.16708E-27  3.47067E-32  2.52792E-37  9.91393E-43  2.03222E-48
       2.301918  9.99994E-01  6.26727E-06  2.66485E-11  1.07562E-16  6.25973E-22  9.24578E-27  1.72860E-31  1.94705E-36  1.06577E-41  2.88846E-47
       2.402002  9.99992E-01  8.25831E-06  4.74998E-11  2.52301E-16  1.46430E-21  2.12331E-26  6.58895E-31  1.15730E-35  8.78303E-41  3.10691E-46
       2.502085  9.99990E-01  1.02857E-05  7.81241E-11  5.85155E-16  4.46031E-21  4.89938E-26  2.00481E-30  5.53325E-35  5.84525E-40  2.69714E-45
       2.602168  9.99988E-01  1.19775E-05  1.13050E-10  1.17726E-15  1.39746E-20  1.71087E-25  5.78644E-30  2.33333E-34  3.42763E-39  2.07549E-44
       2.702252  9.99987E-01  1.32495E-05  1.43197E-10  1.94001E-15  3.64698E-20  7.39114E-25  2.17572E-29  1.01209E-33  1.97296E-38  1.55519E-43
       2.802335  9.99985E-01  1.46049E-05  1.65809E-10  2.56514E-15  7.34280E-20  2.74267E-24  1.07343E-28  5.13448E-33  1.21292E-37  1.20045E-42
       2.902419  9.99983E-01  1.71351E-05  1.99251E-10  2.75399E-15  1.05228E-19  7.73024E-24  5.08030E-28  2.84264E-32  7.80343E-37  9.31918E-42
       3.002502  9.99978E-01  2.20636E-05  3.00346E-10  3.19129E-15  8.44035E-20  1.51025E-23  1.90515E-27  1.42507E-31  4.64666E-36  6.58557E-41
       3.102585  9.99970E-01  2.99605E-05  5.70453E-10  7.95029E-15  3.51646E-20  1.58268E-23  5.11035E-27  5.62980E-31  2.26316E-35  3.81405E-40
       3.202669  9.99960E-01  4.00565E-05  1.11047E-09  2.72968E-14  4.68221E-19  2.48309E-24  8.39252E-27  1.59490E-30  8.36086E-35  1.70977E-39
       3.302752  9.99950E-01  5.01927E-05  1.90715E-09  7.49426E-14  3.12680E-18  7.42468E-23  4.80304E-27  2.83287E-30  2.24928E-34  5.93504E-39
       3.402836  9.99942E-01  5.76876E-05  2.73946E-09  1.53642E-13  1.11596E-17  7.61163E-22  9.12165E-27  2.21623E-30  4.52537E-34  1.75312E-38
       3.502919  9.99939E-01  6.08718E-05  3.25179E-09  2.37811E-13  2.70982E-17  3.57837E-21  2.24603E-25  7.63683E-30  1.27508E-33  6.43847E-38
       3.603003  9.99939E-01  6.05108E-05  3.20501E-09  2.75770E-13  4.84109E-17  1.14370E-20  1.62970E-24  1.33345E-28  1.03386E-32  4.34434E-37
       3.703086  9.99940E-01  6.01980E-05  2.73329E-09  2.22752E-13  6.36590E-17  2.78559E-20  7.42184E-24  1.04885E-27  8.56628E-32  3.51149E-36
       3.803169  9.99935E-01  6.52226E-05  2.47145E-09  9.67105E-14  5.65317E-17  5.36875E-20  2.51644E-23  5.35433E-27  5.20380E-31  2.35862E-35
       3.903253  9.99920E-01  8.02547E-05  3.55069E-09  4.71580E-14  2.96345E-17  8.40374E-20  6.70005E-23  2.00023E-26  2.33822E-30  1.21329E-34
       4.003336  9.99893E-01  1.06963E-04  7.36835E-09  4.15366E-13  5.61980E-17  1.21348E-19  1.43528E-22  5.65702E-26  7.88539E-30  4.72202E-34
       4.103420  9.99857E-01  1.42873E-04  1.49309E-08  1.70837E-12  3.42631E-16  2.37617E-19  2.59254E-22  1.20506E-25  1.97089E-29  1.37098E-33
       4.203503  9.99818E-01  1.82177E-04  2.59512E-08  4.37361E-12  1.24346E-15  7.15083E-19  4.66446E-22  1.85705E-25  3.36767E-29  2.77306E-33
       4.303586  9.99782E-01  2.18118E-04  3.84464E-08  8.38500E-12  3.14740E-15  2.24568E-18  1.13875E-21  2.12792E-25  2.81999E-29  2.94460E-33
       4.403670  9.99754E-01  2.45638E-04  4.94097E-08  1.28914E-11  6.18179E-15  6.06438E-18  3.77320E-21  5.05079E-25  7.56752E-30  5.32780E-34
       4.503753  9.99737E-01  2.62900E-04  5.62289E-08  1.62809E-11  9.77758E-15  1.37258E-17  1.26506E-20  3.23955E-24  3.71359E-28  3.16530E-32
       4.603837  9.99729E-01  2.71082E-04  5.79490E-08  1.68860E-11  1.23712E-14  2.61207E-17  3.70901E-20  1.65419E-23  3.31157E-27  3.52361E-31
       4.703920  9.99727E-01  2.73114E-04  5.57360E-08  1.42132E-11  1.18855E-14  4.17522E-17  9.24405E-20  6.16396E-23  1.62181E-26  1.99480E-30
       4.804003  9.99727E-01  2.72755E-04  5.24429E-08  9.93505E-12  7.50898E-15  5.57389E-17  1.96449E-19  1.80124E-22  5.74879E-26  8.01257E-30
       4.904087  9.99725E-01  2.74979E-04  5.15947E-08  7.43462E-12  1.82645E-15  6.24191E-17  3.58906E-19  4.32790E-22  1.63197E-25  2.57458E-29
       5.004170  9.99713E-01  2.87231E-04  5.65409E-08  9.61434E-12  5.67775E-16  6.28671E-17  5.67617E-19  8.73423E-22  3.86738E-25  6.96056E-29
       5.104254  9.99680E-01  3.19718E-04  7.08962E-08  1.69303E-11  8.20979E-15  7.29356E-17  7.82489E-19  1.47365E-21  7.65796E-25  1.58895E-28
       5.204337  9.99617E-01  3.82765E-04  1.00942E-07  2.88677E-11  2.22207E-14  1.20695E-16  9.61784E-19  2.01076E-21  1.22102E-24  2.95270E-28
       5.304420  9.99519E-01  4.80981E-04  1.58146E-07  5.03416E-11  3.36187E-14  2.20940E-16  1.14086E-18  2.07479E-21  1.44020E-24  4.14549E-28
       5.404504  9.99393E-01  6.06674E-04  2.55972E-07  9.96687E-11  4.28069E-14  3.33006E-16  1.51747E-18  1.47078E-21  1.02215E-24  3.82186E-28
       5.504587  9.99263E-01  7.36979E-04  3.95924E-07  2.06916E-10  9.06610E-14  3.57970E-16  2.40598E-18  9.83631E-22  1.52521E-25  1.71395E-28
       5.604671  9.99161E-01  8.38613E-04  5.49664E-07  3.88438E-10  2.76686E-13  2.69597E-16  4.04323E-18  2.94539E-21  6.40199E-25  2.82002E-28
       5.704754  9.99119E-01  8.80618E-04  6.58178E-07  6.05358E-10  7.10137E-13  3.92534E-16  6.71210E-18  1.17445E-20  7.48222E-24  2.58017E-27
       5.804837  9.99149E-01  8.50489E-04  6.62077E-07  7.52238E-10  1.38352E-12  1.63308E-15  1.21650E-17  3.70345E-20  3.36926E-23  1.28539E-26
       5.904921  9.99234E-01  7.65591E-04  5.46199E-07  7.15714E-10  2.07274E-12  5.34840E-15  2.74267E-17  1.05894E-19  1.15660E-22  4.88635E-26
       6.005004  9.99327E-01  6.72385E-04  3.62344E-07  4.72816E-10  2.41850E-12  1.27091E-14  7.11257E-17  2.92078E-19  3.50486E-22  1.60705E-25
       6.105088  9.99369E-01  6.31040E-04  2.14153E-07  1.51191E-10  2.24293E-12  2.39366E-14  1.78873E-16  7.57303E-19  9.53671E-22  4.65014E-25
       6.205171  9.99309E-01  6.90474E-04  2.20058E-07  4.46044E-12  1.95950E-12  3.86968E-14  3.99088E-16  1.74974E-18  2.26684E-21  1.15721E-24
       6.305254  9.99135E-01  8.64754E-04  4.69727E-07  3.10526E-10  2.71681E-12  5.92900E-14  7.75728E-16  3.46208E-18  4.55787E-21  2.40852E-24
       6.405338  9.98876E-01  1.12267E-03  9.73191E-07  1.22387E-09  5.88118E-12  9.60252E-14  1.33967E-15  5.76384E-18  7.57327E-21  4.10422E-24
       6.505421  9.98601E-01  1.39691E-03  1.61896E-06  2.62850E-09  1.19172E-11  1.69657E-13  2.15269E-15  8.09548E-18  1.01942E-20  5.58695E-24
       6.605505  9.98388E-01  1.60986E-03  2.19059E-06  4.08522E-09  1.94734E-11  3.04592E-13  3.42465E-15  9.94537E-18  1.08104E-20  5.70708E-24
       6.705588  9.98293E-01  1.70486E-03  2.46682E-06  4.97898E-09  2.56487E-11  5.12970E-13  5.66076E-15  1.22077E-17  9.17215E-21  3.68533E-24
       6.805671  9.98329E-01  1.66886E-03  2.34873E-06  4.84109E-09  2.75125E-11  7.79009E-13  9.73546E-15  1.94537E-17  1.08602E-20  2.05557E-24
       6.905755  9.98461E-01  1.53687E-03  1.91805E-06  3.65311E-09  2.38596E-11  1.05701E-12  1.67541E-14  4.22036E-17  3.43864E-20  1.29664E-23
       7.005838  9.98621E-01  1.37752E-03  1.38999E-06  1.93685E-09  1.61460E-11  1.29215E-12  2.76139E-14  9.64067E-17  1.15653E-19  6.50650E-23
       7.105922  9.98731E-01  1.26749E-03  1.00910E-06  5.55255E-10  8.29290E-12  1.46089E-12  4.23927E-14  1.96871E-16  2.99256E-19  2.01566E-22
       7.206005  9.98732E-01  1.26654E-03  9.56851E-07  2.76697E-10  5.25748E-12  1.60972E-12  5.99779E-14  3.45128E-16  6.11131E-19  4.60945E-22
       7.306088  9.98596E-01  1.40227E-03  1.30629E-06  1.33022E-09  1.02317E-11  1.85830E-12  7.83855E-14  5.17784E-16  1.02029E-18  8.41126E-22
       7.406172  9.98331E-01  1.66705E-03  2.03009E-06  3.31343E-09  2.15706E-11  2.33863E-12  9.58917E-14  6.64483E-16  1.40709E-18  1.25401E-21
       7.506255  9.97974E-01  2.02337E-03  3.04914E-06  5.62931E-09  3.24420E-11  3.07704E-12  1.12564E-13  7.26236E-16  1.57259E-18  1.49635E-21
       7.606339  9.97583E-01  2.41234E-03  4.27713E-06  8.13308E-09  3.55915E-11  3.88149E-12  1.31135E-13  6.81625E-16  1.35003E-18  1.32155E-21
       7.706422  9.97232E-01  2.76258E-03  5.60384E-06  1.13386E-08  3.13432E-11  4.34317E-12  1.55720E-13  6.02822E-16  8.31765E-19  6.98926E-22
       7.806505  9.96991E-01  3.00174E-03  6.81741E-06  1.57793E-08  3.19135E-11  4.04165E-12  1.87769E-13  6.64061E-16  5.45208E-19  1.32196E-22
       7.906589  9.96919E-01  3.07329E-03  7.56582E-06  2.08689E-08  5.45848E-11  2.90294E-12  2.21514E-13  1.05786E-15  1.33172E-18  6.91912E-22
       8.006672  9.97034E-01  2.95820E-03  7.47657E-06  2.43654E-08  1.04616E-10  1.45368E-12  2.43483E-13  1.86544E-15  3.96226E-18  3.68917E-21
       8.106756  9.97300E-01  2.69381E-03  6.41732E-06  2.34660E-08  1.62207E-10  6.67770E-13  2.39085E-13  2.99285E-15  8.82997E-18  1.03728E-20
       8.206839  9.97617E-01  2.37796E-03  4.70430E-06  1.71524E-08  1.91014E-10  1.37803E-12  2.04819E-13  4.24466E-15  1.59447E-17  2.18782E-20
       8.306922  9.97848E-01  2.14873E-03  3.06720E-06  7.87717E-09  1.68608E-10  3.64280E-12  1.60463E-13  5.53088E-15  2.52190E-17  3.92243E-20
       8.407006  9.97858E-01  2.13986E-03  2.38293E-06  1.00997E-09  1.16397E-10  6.65817E-12  1.51959E-13  7.09287E-15  3.68777E-17  6.30793E-20
       8.507089  9.97571E-01  2.42569E-03  3.34837E-06  2.38078E-09  1.01423E-10  9.58004E-12  2.36468E-13  9.44053E-15  5.12333E-17  9.27063E-20
       8.607173  9.97014E-01  2.97951E-03  6.19758E-06  1.54982E-08  2.00145E-10  1.29355E-11  4.55846E-13  1.27582E-14  6.68425E-17  1.23319E-19
       8.707256  9.96321E-01  3.66832E-03  1.04718E-05  3.95728E-08  4.43269E-10  1.94867E-11  8.26471E-13  1.62335E-14  7.82712E-17  1.43633E-19
       8.807339  9.95692E-01  4.29290E-03  1.49594E-05  6.86987E-08  7.81417E-10  3.33413E-11  1.37089E-12  1.83508E-14  7.73186E-17  1.38527E-19
       8.907423  9.95321E-01  4.66105E-03  1.80494E-05  9.28651E-08  1.10173E-09  5.73533E-11  2.17963E-12  1.85801E-14  5.97070E-17  9.90265E-20
       9.007506  9.95318E-01  4.66372E-03  1.84968E-05  1.01715E-07  1.28586E-09  9.04958E-11  3.45627E-12  1.97528E-14  3.55712E-17  3.85130E-20
       9.107590  9.95663E-01  4.32120E-03  1.61363E-05  9.00474E-08  1.26705E-09  1.27286E-10  5.49670E-12  2.98428E-14  4.07157E-17  1.52588E-20
       9.207673  9.96210E-01  3.77822E-03  1.19980E-05  6.16456E-08  1.05363E-09  1.60130E-10  8.57872E-12  6.12748E-14  1.40230E-16  1.49798E-19
       9.307756  9.96743E-01  3.24966E-03  7.77742E-06  2.85170E-08  7.25893E-10  1.83633E-10  1.27860E-11  1.25520E-13  4.06718E-16  5.96486E-19
       9.407840  9.97055E-01  2.93978E-03  5.09512E-06  5.49807E-09  4.24587E-10  1.98597E-10  1.78603E-11  2.23552E-13  8.66046E-16  1.43784E-18
       9.507923  9.97026E-01  2.96873E-03  4.94572E-06  2.81814E-09  3.14211E-10  2.13106E-10  2.32073E-11  3.38518E-13  1.44425E-15  2.56257E-18
       9.608007  9.96657E-01  3.33592E-03  7.42289E-06  2.07251E-08  4.92253E-10  2.39003E-10  2.81100E-11  4.38431E-13  1.96967E-15  3.65135E-18
       9.708090  9.96057E-01  3.93118E-03  1.17132E-05  4.98031E-08  8.87889E-10  2.84276E-10  3.20490E-11  4.89780E-13  2.24066E-15  4.29674E-18
       9.808173  9.95401E-01  4.58288E-03  1.64256E-05  7.71497E-08  1.26432E-09  3.45191E-10  3.49334E-11  4.75278E-13  2.12045E-15  4.16942E-18
       9.908257  9.94861E-01  5.11885E-03  2.01935E-05  9.40193E-08  1.37276E-09  4.04135E-10  3.70793E-11  4.07749E-13  1.62727E-15  3.19088E-18
      10.008340  9.94562E-01  5.41585E-03  2.22107E-05  9.92692E-08  1.14418E-09  4.37124E-10  3.88982E-11  3.31994E-13  9.90376E-16  1.71053E-18
      10.108424  9.94552E-01  5.42519E-03  2.23511E-05  9.68652E-08  7.41757E-10  4.28633E-10  4.04403E-11  3.06063E-13  5.98579E-16  5.28415E-19
      10.208507  9.94805E-01  5.17428E-03  2.09039E-05  9.08139E-08  4.20515E-10  3.84649E-10  4.10944E-11  3.64784E-13  7.94222E-16  5.44062E-19
      10.308590  9.95229E-01  4.75241E-03  1.82818E-05  8.19768E-08  3.23458E-10  3.33215E-10  3.97466E-11  4.89865E-13  1.63055E-15  2.17946E-18
      10.408674  9.95696E-01  4.28876E-03  1.49844E-05  6.85997E-08  3.95201E-10  3.09000E-10  3.54047E-11  6.13765E-13  2.80389E-15  5.08339E-18
      10.508757  9.96062E-01  3.92652E-03  1.17435E-05  4.96708E-08  4.68693E-10  3.30931E-10  2.79410E-11  6.58171E-13  3.82171E-15  8.35162E-18
      10.608841  9.96197E-01  3.79310E-03  9.57141E-06  2.87259E-08  4.21073E-10  3.89009E-10  1.85045E-11  5.83014E-13  4.28037E-15  1.10170E-17
      10.708924  9.96024E-01  3.96688E-03  9.54865E-06  1.52795E-08  2.66689E-10  4.50981E-10  9.32162E-12  4.18119E-13  4.10458E-15  1.25335E-17
      10.809008  9.95540E-01  4.44712E-03  1.24122E-05  2.20651E-08  1.52714E-10  4.85925E-10  2.89020E-12  2.54222E-13  3.61497E-15  1.30650E-17
      10.909091  9.94842E-01  5.13970E-03  1.81075E-05  5.84820E-08  2.99197E-10  4.90068E-10  9.45230E-13  1.85373E-13  3.29663E-15  1.32597E-17
      11.009174  9.94103E-01  5.87173E-03  2.54886E-05  1.22977E-07  9.04481E-10  4.97310E-10  3.88476E-12  2.35781E-13  3.35536E-15  1.34529E-17
      11.109258  9.93529E-01  6.43881E-03  3.24153E-05  1.98834E-07  2.00922E-09  5.64559E-10  1.11834E-11  3.36538E-13  3.46436E-15  1.30346E-17
      11.209341  9.93290E-01  6.67338E-03  3.64476E-05  2.57986E-07  3.37475E-09  7.36998E-10  2.26135E-11  3.86251E-13  3.02805E-15  1.08284E-17
      11.309425  9.93455E-01  6.50889E-03  3.59692E-05  2.73742E-07  4.50705E-09  1.01342E-09  3.93879E-11  3.58216E-13  1.82869E-15  6.39571E-18
      11.409508  9.93956E-01  6.01234E-03  3.10998E-05  2.36223E-07  4.89070E-09  1.33610E-09  6.42312E-11  3.79371E-13  6.33660E-16  1.51173E-18
      11.509591  9.94608E-01  5.36810E-03  2.37538E-05  1.59953E-07  4.31014E-09  1.61702E-09  9.99533E-11  7.15369E-13  1.32570E-15  9.09515E-19
      11.609675  9.95167E-01  4.81574E-03  1.67998E-05  7.77308E-08  3.03163E-09  1.78856E-09  1.47057E-10  1.63044E-12  6.15111E-15  1.09974E-17
      11.709758  9.95423E-01  4.56425E-03  1.28765E-05  2.45319E-08  1.70700E-09  1.84800E-09  2.01828E-10  3.17145E-12  1.61107E-14  3.58240E-17
      11.809842  9.95270E-01  4.71646E-03  1.34537E-05  2.10893E-08  1.04139E-09  1.86484E-09  2.56497E-10  5.02954E-12  2.95312E-14  7.25531E-17
      11.909925  9.94747E-01  5.23409E-03  1.83853E-05  6.56424E-08  1.40780E-09  1.94044E-09  3.01875E-10  6.62460E-12  4.22411E-14  1.10859E-16
      12.010008  9.94017E-01  5.95672E-03  2.59992E-05  1.37118E-07  2.63527E-09  2.14046E-09  3.31106E-10  7.38711E-12  4.95036E-14  1.37472E-16
      12.110092  9.93302E-01  6.66429E-03  3.37490E-05  2.07029E-07  4.11008E-09  2.44247E-09  3.42348E-10  7.05742E-12  4.83470E-14  1.42181E-16
      12.210175  9.92805E-01  7.15567E-03  3.92567E-05  2.53013E-07  5.12485E-09  2.73623E-09  3.38900E-10  5.83763E-12  3.90357E-14  1.21961E-16
      12.310259  9.92646E-01  7.31231E-03  4.12297E-05  2.66542E-07  5.24017E-09  2.88298E-09  3.26764E-10  4.32812E-12  2.53084E-14  8.30306E-17
      12.410342  9.92833E-01  7.12660E-03  3.97270E-05  2.51901E-07  4.44765E-09  2.80119E-09  3.10891E-10  3.24940E-12  1.31431E-14  4.03813E-17
      12.510425  9.93273E-01  6.69101E-03  3.57457E-05  2.19694E-07  3.10144E-09  2.52554E-09  2.92197E-10  3.05110E-12  7.97961E-15  1.23888E-17
      12.610509  9.93811E-01  6.15858E-03  3.05980E-05  1.80315E-07  1.72214E-09  2.19748E-09  2.67344E-10  3.64577E-12  1.16961E-14  1.13844E-17
      12.710592  9.94281E-01  5.69300E-03  2.55397E-05  1.40674E-07  7.75445E-10  1.98693E-09  2.31700E-10  4.47710E-12  2.16137E-14  3.68598E-17
      12.810676  9.94553E-01  5.42497E-03  2.16945E-05  1.04882E-07  4.77816E-10  1.99127E-09  1.83699E-10  4.87975E-12  3.23534E-14  7.69476E-17
      12.910759  9.94555E-01  5.42450E-03  2.00170E-05  7.75955E-08  6.95979E-10  2.17707E-09  1.27793E-10  4.47450E-12  3.89888E-14  1.16063E-16
      13.010842  9.94288E-01  5.69067E-03  2.11143E-05  6.67153E-08  1.03997E-09  2.40451E-09  7.40892E-11  3.36988E-12  3.94427E-14  1.42569E-16
      13.110926  9.93819E-01  6.15549E-03  2.49872E-05  8.17768E-08  1.15975E-09  2.52043E-09  3.46741E-11  2.08730E-12  3.51347E-14  1.52848E-16
      13.211009  9.93270E-01  6.69921E-03  3.08646E-05  1.27542E-07  1.05353E-09  2.46180E-09  1.84314E-11  1.24678E-12  2.97167E-14  1.50882E-16
      13.311093  9.92786E-01  7.17630E-03  3.72556E-05  1.96982E-07  1.10271E-09  2.30362E-09  2.72736E-11  1.17527E-12  2.64338E-14  1.43524E-16
      13.411176  9.92506E-01  7.45104E-03  4.22733E-05  2.69664E-07  1.74379E-09  2.21829E-09  5.62515E-11  1.69871E-12  2.57718E-14  1.34247E-16
      13.511259  9.92518E-01  7.43756E-03  4.42186E-05  3.18656E-07  3.03834E-09  2.36685E-09  9.76722E-11  2.29030E-12  2.52927E-14  1.20487E-16
      13.611343  9.92825E-01  7.13266E-03  4.22709E-05  3.23240E-07  4.53638E-09  2.78798E-09  1.46513E-10  2.48153E-12  2.18773E-14  9.69921E-17
      13.711426  9.93335E-01  6.62728E-03  3.69509E-05  2.80022E-07  5.55893E-09  3.35909E-09  2.03371E-10  2.25589E-12  1.47440E-14  6.25047E-17
      13.811510  9.93883E-01  6.08672E-03  3.00400E-05  2.05350E-07  5.63473E-09  3.86150E-09  2.72765E-10  2.17321E-12  7.37600E-15  2.58095E-17
      13.911593  9.94275E-01  5.70052E-03  2.39501E-05  1.27625E-07  4.74576E-09  4.11266E-09  3.57683E-10  3.11181E-12  7.03746E-15  7.55636E-18
      14.011676  9.94363E-01  5.61650E-03  2.08668E-05  7.48433E-08  3.29693E-09  4.07974E-09  4.53952E-10  5.70467E-12  2.12103E-14  3.35837E-17
      14.111760  9.94095E-01  5.88272E-03  2.20217E-05  6.45530E-08  1.95199E-09  3.89809E-09  5.48633E-10  9.79037E-12  5.22266E-14  1.19142E-16
      14.211843  9.93550E-01  6.42216E-03  2.72413E-05  9.96748E-08  1.43099E-09  3.78101E-09  6.24209E-10  1.43022E-11  9.39497E-14  2.54144E-16
      14.311927  9.92911E-01  7.05377E-03  3.48486E-05  1.68903E-07  2.23155E-09  3.87943E-09  6.66245E-10  1.77382E-11  1.33705E-13  4.03435E-16
      14.412010  9.92402E-01  7.55532E-03  4.20948E-05  2.49519E-07  4.29609E-09  4.18351E-09  6.69768E-10  1.89026E-11  1.58155E-13  5.22341E-16
      14.512093  9.92209E-01  7.74482E-03  4.61931E-05  3.12999E-07  6.84908E-09  4.52880E-09  6.40772E-10  1.74635E-11  1.58948E-13  5.74013E-16
      14.612177  9.92405E-01  7.54897E-03  4.55662E-05  3.34556E-07  8.66228E-09  4.70098E-09  5.92508E-10  1.40979E-11  1.35852E-13  5.40273E-16
      14.712260  9.92927E-01  7.03172E-03  4.05645E-05  3.04183E-07  8.71789E-09  4.57009E-09  5.38878E-10  1.02149E-11  9.73716E-14  4.28786E-16
      14.812344  9.93594E-01  6.37215E-03  3.32035E-05  2.33008E-07  6.86856E-09  4.16951E-09  4.88284E-10  7.32647E-12  5.83601E-14  2.76633E-16
      14.912427  9.94173E-01  5.80024E-03  2.61733E-05  1.49801E-07  4.01168E-09  3.67350E-09  4.41088E-10  6.29364E-12  3.37643E-14  1.40931E-16
      15.012510  9.94464E-01  5.51456E-03  2.17891E-05  8.78569E-08  1.60510E-09  3.29283E-09  3.91976E-10  6.87555E-12  3.08202E-14  7.25448E-17
      15.112594  9.94366E-01  5.61247E-03  2.13341E-05  6.90052E-08  8.03520E-10  3.15586E-09  3.35669E-10  7.93029E-12  4.52094E-14  8.87119E-17
      15.212677  9.93917E-01  6.05790E-03  2.48156E-05  9.44399E-08  1.76341E-09  3.24522E-09  2.72350E-10  8.16380E-12  6.44642E-14  1.66765E-16
      15.312761  9.93272E-01  6.69694E-03  3.10108E-05  1.47717E-07  3.58185E-09  3.42067E-09  2.09565E-10  6.93317E-12  7.59963E-14  2.62119E-16
      15.412844  9.92649E-01  7.31271E-03  3.78092E-05  2.06002E-07  4.92830E-09  3.50823E-09  1.59691E-10  4.62039E-12  7.41378E-14  3.34228E-16
      15.512927  9.92259E-01  7.69812E-03  4.28824E-05  2.50380E-07  4.93650E-09  3.40178E-09  1.34421E-10  2.38681E-12  6.23242E-14  3.64123E-16
      15.613011  9.92234E-01  7.72141E-03  4.45038E-05  2.69719E-07  3.72023E-09  3.12189E-09  1.39177E-10  1.45241E-12  4.97891E-14  3.57149E-16
      15.713094  9.92592E-01  7.36510E-03  4.21535E-05  2.60147E-07  2.16833E-09  2.80150E-09  1.70452E-10  2.31393E-12  4.49074E-14  3.32269E-16
      15.813178  9.93234E-01  6.72933E-03  3.66273E-05  2.24815E-07  1.23823E-09  2.60682E-09  2.17708E-10  4.40434E-12  4.93419E-14  3.05451E-16
      15.913261  9.93969E-01  6.00085E-03  2.96526E-05  1.74475E-07  1.32253E-09  2.63723E-09  2.68881E-10  6.45342E-12  5.70013E-14  2.78412E-16
      16.013344  9.94579E-01  5.39749E-03  2.32589E-05  1.25136E-07  2.12141E-09  2.86376E-09  3.16284E-10  7.33870E-12  5.87015E-14  2.40462E-16
      16.113428  9.94877E-01  5.10362E-03  1.91952E-05  9.12828E-08  2.99180E-09  3.14684E-09  3.59312E-10  6.87331E-12  4.95566E-14  1.82207E-16
      16.213511  9.94767E-01  5.21402E-03  1.85556E-05  7.93300E-08  3.40928E-09  3.32488E-09  4.02411E-10  6.00319E-12  3.42127E-14  1.12155E-16
      16.313595  9.94276E-01  5.70199E-03  2.15991E-05  8.76432E-08  3.22421E-09  3.31634E-09  4.49863E-10  6.23973E-12  2.58661E-14  6.32245E-17
      16.413678  9.93551E-01  6.42149E-03  2.76567E-05  1.12809E-07  2.66480E-09  3.16711E-09  5.01029E-10  8.65061E-12  3.86116E-14  7.96527E-17
      16.513761  9.92819E-01  7.14530E-03  3.51044E-05  1.53982E-07  2.20717E-09  3.01299E-09  5.49263E-10  1.30777E-11  7.77682E-14  1.89346E-16
      16.613845  9.92327E-01  7.63091E-03  4.15722E-05  2.08392E-07  2.37853E-09  2.98659E-09  5.85056E-10  1.81272E-11  1.35169E-13  3.82217E-16
      16.713928  9.92258E-01  7.69703E-03  4.46030E-05  2.62328E-07  3.47293E-09  3.13295E-09  6.01215E-10  2.19144E-11  1.92646E-13  6.11204E-16
      16.814012  9.92670E-01  7.28729E-03  4.26821E-05  2.90604E-07  5.25608E-09  3.38642E-09  5.96895E-10  2.30503E-11  2.30654E-13  8.11801E-16
      16.914095  9.93464E-01  6.49930E-03  3.60922E-05  2.71034E-07  6.92010E-09  3.61649E-09  5.78289E-10  2.13180E-11  2.36809E-13  9.25027E-16
      17.014178  9.94408E-01  5.56531E-03  2.69619E-05  2.03505E-07  7.49237E-09  3.70752E-09  5.55693E-10  1.77564E-11  2.11189E-13  9.17229E-16
      17.114262  9.95196E-01  4.78590E-03  1.83984E-05  1.15421E-07  6.52591E-09  3.62317E-09  5.38458E-10  1.41203E-11  1.66865E-13  7.96713E-16
      17.214345  9.95553E-01  4.43351E-03  1.32815E-05  4.68454E-08  4.55659E-09  3.42193E-09  5.30549E-10  1.19303E-11  1.24218E-13  6.18612E-16
      17.314429  9.95331E-01  4.65590E-03  1.34020E-05  2.73795E-08  2.88177E-09  3.22135E-09  5.29254E-10  1.16241E-11  1.00263E-13  4.63635E-16
      17.414512  9.94567E-01  5.41405E-03  1.90922E-05  6.30309E-08  2.70185E-09  3.13405E-09  5.27905E-10  1.23954E-11  9.92751E-14  3.94838E-16
      17.514595  9.93489E-01  6.48154E-03  2.90594E-05  1.39692E-07  4.22646E-09  3.20794E-09  5.20950E-10  1.28589E-11  1.11861E-13  4.23186E-16
      17.614679  9.92448E-01  7.51149E-03  4.03744E-05  2.33718E-07  6.48510E-09  3.39879E-09  5.08268E-10  1.20322E-11  1.22811E-13  5.08859E-16
      17.714762  9.91800E-01  8.15087E-03  4.90698E-05  3.17683E-07  8.04148E-09  3.59098E-09  4.96002E-10  9.94251E-12  1.20964E-13  5.91788E-16
      17.814846  9.91786E-01  8.16211E-03  5.16267E-05  3.62400E-07  8.01028E-09  3.66064E-09  4.93298E-10  7.54413E-12  1.04573E-13  6.24301E-16
      17.914929  9.92444E-01  7.50847E-03  4.67229E-05  3.45329E-07  6.53679E-09  3.54838E-09  5.06755E-10  6.10524E-12  8.06590E-14  5.88672E-16
      18.015013  9.93591E-01  6.37300E-03  3.60302E-05  2.66086E-07  4.46827E-09  3.29669E-09  5.35904E-10  6.44299E-12  6.01437E-14  4.98579E-16
      18.115096  9.94872E-01  5.10403E-03  2.34156E-05  1.54579E-07  2.67677E-09  3.02545E-09  5.72613E-10  8.41669E-12  5.12409E-14  3.87967E-16
      18.215179  9.95883E-01  4.10412E-03  1.31285E-05  5.83452E-08  1.65303E-09  2.85854E-09  6.05101E-10  1.09917E-11  5.44566E-14  2.91268E-16
      18.315263  9.96293E-01  3.69844E-03  8.19499E-06  1.45596E-08  1.53382E-09  2.84766E-09  6.24351E-10  1.28836E-11  6.27124E-14  2.24817E-16
      18.415346  9.95964E-01  4.02635E-03  9.75424E-06  2.89746E-08  2.23516E-09  2.94426E-09  6.28996E-10  1.33873E-11  6.71280E-14  1.82846E-16
      18.515430  9.94989E-01  4.99341E-03  1.71654E-05  7.99361E-08  3.41217E-09  3.03840E-09  6.25620E-10  1.28344E-11  6.43035E-14  1.51239E-16
      18.615513  9.93671E-01  6.30041E-03  2.83598E-05  1.42150E-07  4.42928E-09  3.03613E-09  6.24438E-10  1.23875E-11  5.96092E-14  1.26638E-16
      18.715596  9.92421E-01  7.53849E-03  4.02466E-05  2.05318E-07  4.68534E-09  2.92065E-09  6.33276E-10  1.33279E-11  6.44120E-14  1.25450E-16
      18.815680  9.91633E-01  8.31757E-03  4.93412E-05  2.69457E-07  4.16223E-09  2.75859E-09  6.53627E-10  1.62849E-11  8.93910E-14  1.77338E-16
      18.915763  9.91561E-01  8.38584E-03  5.27120E-05  3.25781E-07  3.57621E-09  2.65432E-09  6.80934E-10  2.08513E-11  1.37918E-13  3.08043E-16
      19.015847  9.92246E-01  7.70449E-03  4.90016E-05  3.49113E-07  3.78097E-09  2.68730E-09  7.08471E-10  2.57795E-11  2.03091E-13  5.21547E-16
      19.115930  9.93503E-01  6.45778E-03  3.90703E-05  3.15028E-07  4.91701E-09  2.86945E-09  7.32100E-10  2.96179E-11  2.70077E-13  7.91985E-16
      19.216013  9.94975E-01  4.99887E-03  2.58752E-05  2.25988E-07  6.20816E-09  3.14135E-09  7.52968E-10  3.14314E-11  3.22536E-13  1.07006E-15
      19.316097  9.96237E-01  3.74937E-03  1.35027E-05  1.18063E-07  6.68454E-09  3.40573E-09  7.76620E-10  3.12422E-11  3.49850E-13  1.30040E-15
      19.416180  9.96914E-01  3.08044E-03  5.71218E-06  3.85442E-08  6.11008E-09  3.58074E-09  8.09110E-10  2.99871E-11  3.51963E-13  1.44323E-15
      19.516264  9.96789E-01  3.20586E-03  4.70519E-06  1.48562E-08  5.16908E-09  3.64565E-09  8.52455E-10  2.89848E-11  3.39716E-13  1.49453E-15
      19.616347  9.95875E-01  4.11430E-03  1.06910E-05  4.35544E-08  4.76512E-09  3.65153E-09  9.02246E-10  2.91559E-11  3.29503E-13  1.49425E-15
      19.716430  9.94417E-01  5.56054E-03  2.21765E-05  1.05849E-07  5.18789E-09  3.68527E-09  9.49134E-10  3.04540E-11  3.33778E-13  1.50841E-15
      19.816514  9.92839E-01  7.12405E-03  3.63961E-05  1.88453E-07  5.97463E-09  3.80440E-09  9.83486E-10  3.19208E-11  3.53179E-13  1.58785E-15
      19.916597  9.91625E-01  8.32514E-03  4.95841E-05  2.85450E-07  6.51905E-09  3.98575E-09  1.00024E-09  3.23507E-11  3.76430E-13  1.73376E-15
      20.016681  9.91173E-01  8.76926E-03  5.75386E-05  3.81340E-07  6.69101E-09  4.13007E-09  1.00069E-09  3.10792E-11  3.87952E-13  1.89822E-15
      20.116764  9.91667E-01  8.27567E-03  5.70180E-05  4.40719E-07  6.78326E-09  4.12535E-09  9.90221E-10  2.83690E-11  3.77019E-13  2.01323E-15
      20.216847  9.93005E-01  6.94733E-03  4.75209E-05  4.25882E-07  6.95183E-09  3.92328E-09  9.73673E-10  2.52241E-11  3.42983E-13  2.02286E-15
      20.316931  9.94813E-01  5.15509E-03  3.20532E-05  3.30668E-07  6.92257E-09  3.57192E-09  9.51807E-10  2.28020E-11  2.95194E-13  1.90576E-15
      20.417014  9.96548E-01  3.43559E-03  1.59638E-05  1.95035E-07  6.35102E-09  3.18347E-09  9.21111E-10  2.17389E-11  2.48154E-13  1.68575E-15
      20.517098  9.97666E-01  2.32916E-03  4.54761E-06  8.14230E-08  5.39020E-09  2.86500E-09  8.77072E-10  2.17587E-11  2.13482E-13  1.42310E-15
      20.617181  9.97793E-01  2.20550E-03  1.09601E-06  3.30532E-08  4.74973E-09  2.66225E-09  8.18646E-10  2.18625E-11  1.93089E-13  1.18217E-15
      20.717264  9.96859E-01  3.13424E-03  6.34957E-06  5.19487E-08  5.05528E-09  2.55255E-09  7.50833E-10  2.10503E-11  1.79133E-13  9.94214E-16
      20.817348  9.95132E-01  4.84870E-03  1.88725E-05  1.13260E-07  6.09496E-09  2.48278E-09  6.83686E-10  1.90946E-11  1.61702E-13  8.46371E-16
      20.917431  9.93142E-01  6.82211E-03  3.54574E-05  1.95713E-07  6.81682E-09  2.41612E-09  6.28655E-10  1.68066E-11  1.38411E-13  7.06994E-16
      21.017515  9.91514E-01  8.43458E-03  5.15105E-05  2.93528E-07  6.29063E-09  2.35268E-09  5.94746E-10  1.56056E-11  1.18528E-13  5.65224E-16
      21.117598  9.90764E-01  9.17396E-03  6.20448E-05  3.99263E-07  4.76314E-09  2.31895E-09  5.86608E-10  1.66862E-11  1.18649E-13  4.54262E-16
      21.217681  9.91136E-01  8.80055E-03  6.33987E-05  4.83424E-07  3.64034E-09  2.34483E-09  6.05159E-10  2.03069E-11  1.52634E-13  4.41338E-16
      21.317765  9.92524E-01  7.42085E-03  5.48375E-05  5.02386E-07  4.25162E-09  2.44717E-09  6.49916E-10  2.56422E-11  2.22210E-13  5.89552E-16
      21.417848  9.94511E-01  5.44956E-03  3.90386E-05  4.33395E-07  6.57333E-09  2.62250E-09  7.21363E-10  3.13087E-11  3.14791E-13  9.17184E-16
      21.517932  9.96501E-01  3.47741E-03  2.11727E-05  3.01753E-07  9.23799E-09  2.84433E-09  8.21746E-10  3.62612E-11  4.10640E-13  1.38441E-15
      21.618015  9.97902E-01  2.09097E-03  7.01166E-06  1.69140E-07  1.08548E-08  3.06666E-09  9.53542E-10  4.04887E-11  4.95215E-13  1.91859E-15
      21.718098  9.98298E-01  1.70114E-03  8.44672E-07  9.07630E-08  1.12544E-08  3.24157E-09  1.11621E-09  4.50343E-11  5.69006E-13  2.46376E-15
      21.818182  9.97568E-01  2.42821E-03  4.09715E-06  8.15110E-08  1.13458E-08  3.34677E-09  1.30308E-09  5.12646E-11  6.48248E-13  3.02532E-15
      21.918265  9.95914E-01  4.07074E-03  1.53062E-05  1.21525E-07  1.18135E-08  3.39992E-09  1.50044E-09  5.97999E-11  7.54293E-13  3.67660E-15
      22.018349  9.93807E-01  6.16172E-03  3.12532E-05  1.89375E-07  1.21778E-08  3.43892E-09  1.68988E-09  6.98274E-11  8.96821E-13  4.50842E-15
      22.118432  9.91855E-01  8.09621E-03  4.81753E-05  2.83239E-07  1.13473E-08  3.47561E-09  1.85272E-09  7.93725E-11  1.06288E-12  5.54766E-15
      22.218515  9.90638E-01  9.29940E-03  6.21818E-05  4.07185E-07  9.13334E-09  3.46255E-09  1.97445E-09  8.64221E-11  1.22163E-12  6.71186E-15
      22.318599  9.90537E-01  9.39318E-03  6.93184E-05  5.40816E-07  6.98964E-09  3.31318E-09  2.04655E-09  9.00701E-11  1.34180E-12  7.84220E-15
      22.418682  9.91618E-01  8.31533E-03  6.65050E-05  6.31458E-07  6.92835E-09  2.97117E-09  2.06536E-09  9.08511E-11  1.40854E-12  8.78556E-15
      22.518766  9.93592E-01  6.35357E-03  5.34880E-05  6.26602E-07  9.59892E-09  2.47179E-09  2.02944E-09  9.01372E-11  1.42872E-12  9.46280E-15
      22.618849  9.95887E-01  4.07810E-03  3.41269E-05  5.19965E-07  1.36043E-08  1.93859E-09  1.93840E-09  8.91142E-11  1.42338E-12  9.88797E-15
      22.718932  9.97799E-01  2.18482E-03  1.52936E-05  3.64361E-07  1.68410E-08  1.51765E-09  1.79491E-09  8.79750E-11  1.41266E-12  1.01376E-14
      22.819016  9.98708E-01  1.28806E-03  3.80910E-06  2.36410E-07  1.84211E-08  1.30294E-09  1.60904E-09  8.57733E-11  1.40135E-12  1.02850E-14
      22.919099  9.98275E-01  1.72082E-03  3.66557E-06  1.87892E-07  1.91111E-08  1.30776E-09  1.40075E-09  8.10479E-11  1.37401E-12  1.03307E-14
      23.019183  9.96577E-01  3.40749E-03  1.51262E-05  2.27347E-07  1.98513E-08  1.49535E-09  1.19692E-09  7.28445E-11  1.30423E-12  1.01783E-14
      23.119266  9.94102E-01  5.86191E-03  3.52381E-05  3.37165E-07  2.00998E-08  1.82813E-09  1.02402E-09  6.14677E-11  1.17310E-12  9.68338E-15
      23.219349  9.91614E-01  8.32685E-03  5.85674E-05  4.94812E-07  1.81407E-08  2.27761E-09  9.01387E-10  4.85219E-11  9.84652E-13  8.75305E-15
      23.319433  9.89904E-01  1.00172E-02  7.81507E-05  6.72094E-07  1.33606E-08  2.78625E-09  8.39851E-10  3.63204E-11  7.68414E-13  7.43428E-15
      23.419516  9.89528E-01  1.03834E-02  8.74654E-05  8.22939E-07  7.96880E-09  3.23901E-09  8.45043E-10  2.70749E-11  5.67607E-13  5.92997E-15
      23.519600  9.90618E-01  9.29826E-03  8.31126E-05  8.90370E-07  5.84781E-09  3.49997E-09  9.21451E-10  2.23074E-11  4.20993E-13  4.52887E-15
      23.619683  9.92831E-01  7.10118E-03  6.64996E-05  8.39692E-07  9.29784E-09  3.49680E-09  1.07493E-09  2.27868E-11  3.50353E-13  3.49316E-15
      23.719766  9.95471E-01  4.48522E-03  4.32919E-05  6.88308E-07  1.69466E-08  3.27572E-09  1.31392E-09  2.90037E-11  3.61877E-13  2.97959E-15
      23.819850  9.97709E-01  2.26934E-03  2.11467E-05  5.00689E-07  2.50365E-08  2.96903E-09  1.64925E-09  4.18215E-11  4.60273E-13  3.05119E-15
      23.919933  9.98858E-01  1.13474E-03  7.06290E-06  3.50875E-07  3.07036E-08  2.70285E-09  2.09088E-09  6.27114E-11  6.65114E-13  3.77639E-15
      24.020017  9.98581E-01  1.41363E-03  5.20594E-06  2.84769E-07  3.37317E-08  2.53318E-09  2.64114E-09  9.31492E-11  1.01529E-12  5.34521E-15
      24.120100  9.96987E-01  2.99693E-03  1.56538E-05  3.09612E-07  3.51516E-08  2.45851E-09  3.28784E-09  1.33343E-10  1.55239E-12  8.09078E-15
      24.220183  9.94582E-01  5.38299E-03  3.45947E-05  4.07848E-07  3.48223E-08  2.46546E-09  4.00159E-09  1.81097E-10  2.28790E-12  1.23355E-14
      24.320267  9.92102E-01  7.84135E-03  5.60612E-05  5.52414E-07  3.12375E-08  2.53660E-09  4.73776E-09  2.31780E-10  3.17586E-12  1.81182E-14
      24.420350  9.90291E-01  9.63419E-03  7.41428E-05  7.09790E-07  2.39214E-08  2.61411E-09  5.44132E-09  2.79793E-10  4.11701E-12  2.50179E-14
      24.520434  9.89685E-01  1.02298E-02  8.43145E-05  8.39220E-07  1.54460E-08  2.58288E-09  6.05375E-09  3.20861E-10  4.99964E-12  3.22717E-14
      24.620517  9.90464E-01  9.45131E-03  8.38066E-05  9.01844E-07  1.03225E-08  2.32681E-09  6.52249E-09  3.53608E-10  5.75091E-12  3.91382E-14
      24.720601  9.92402E-01  7.52485E-03  7.21200E-05  8.77746E-07  1.15433E-08  1.82693E-09  6.81073E-09  3.79240E-10  6.36113E-12  4.52280E-14
      24.820684  9.94932E-01  5.01519E-03  5.20161E-05  7.76989E-07  1.82444E-08  1.20984E-09  6.90331E-09  3.99611E-10  6.86472E-12  5.05574E-14
      24.920767  9.97302E-01  2.66778E-03  2.96538E-05  6.36703E-07  2.67622E-08  6.96990E-10  6.80814E-09  4.15096E-10  7.29152E-12  5.52912E-14
      25.020851  9.98789E-01  1.19781E-03  1.26635E-05  5.08089E-07  3.37960E-08  4.98298E-10  6.55733E-09  4.23710E-10  7.62141E-12  5.93523E-14
      25.120934  9.98912E-01  1.08025E-03  7.02656E-06  4.41580E-07  3.84687E-08  7.31158E-10  6.20945E-09  4.21984E-10  7.77499E-12  6.21910E-14
      25.221018  9.97588E-01  2.39670E-03  1.49206E-05  4.74213E-07  4.15977E-08  1.40937E-09  5.84655E-09  4.07127E-10  7.65201E-12  6.29430E-14
      25.321101  9.95177E-01  4.78763E-03  3.44906E-05  6.17263E-07  4.34781E-08  2.48396E-09  5.55903E-09  3.79117E-10  7.19340E-12  6.09043E-14
      25.421184  9.92400E-01  7.53820E-03  6.06150E-05  8.44701E-07  4.28308E-08  3.87581E-09  5.42294E-09  3.41510E-10  6.42387E-12  5.59600E-14
      25.521268  9.90125E-01  9.78834E-03  8.57985E-05  1.09197E-06  3.81423E-08  5.45565E-09  5.48519E-09  3.00739E-10  5.45101E-12  4.86767E-14
      25.621351  9.89088E-01  1.08089E-02  1.01817E-04  1.27543E-06  3.00050E-08  6.99886E-09  5.76586E-09  2.64648E-10  4.43045E-12  4.00842E-14
      25.721435  9.89645E-01  1.02507E-02  1.02762E-04  1.32952E-06  2.18641E-08  8.19435E-09  6.26930E-09  2.41059E-10  3.52400E-12  3.13630E-14
      25.821518  9.91637E-01  8.27351E-03  8.80714E-05  1.24018E-06  1.80340E-08  8.74811E-09  6.98939E-09  2.36763E-10  2.87301E-12  2.36250E-14
      25.921601  9.94430E-01  5.50582E-03  6.30660E-05  1.04977E-06  2.06042E-08  8.52548E-09  7.90734E-09  2.56857E-10  2.59261E-12  1.78565E-14
      26.021685  9.97119E-01  2.84339E-03  3.64404E-05  8.30691E-07  2.81321E-08  7.62292E-09  8.99289E-09  3.04133E-10  2.77390E-12  1.49497E-14
      26.121768  9.98829E-01  1.15397E-03  1.67575E-05  6.52299E-07  3.73049E-08  6.30664E-09  1.02134E-08  3.78492E-10  3.48069E-12  1.56998E-14
      26.221852  9.99001E-01  9.87927E-04  1.00196E-05  5.64357E-07  4.56929E-08  4.87076E-09  1.15394E-08  4.76734E-10  4.74117E-12  2.07571E-14
      26.321935  9.97584E-01  2.39661E-03  1.84278E-05  5.96159E-07  5.26659E-08  3.53455E-09  1.29369E-08  5.92961E-10  6.54117E-12  3.06043E-14
      26.422018  9.95036E-01  4.92316E-03  3.96783E-05  7.53882E-07  5.78320E-08  2.43569E-09  1.43527E-08  7.19432E-10  8.81719E-12  4.54990E-14
      26.522102  9.92167E-01  7.76486E-03  6.72542E-05  1.00839E-06  5.94285E-08  1.66251E-09  1.57122E-08  8.47652E-10  1.14477E-11  6.52588E-14
      26.622185  9.89865E-01  1.00416E-02  9.25515E-05  1.28865E-06  5.52299E-08  1.24973E-09  1.69321E-08  9.69594E-10  1.42553E-11  8.89663E-14
      26.722269  9.88817E-01  1.10729E-02  1.08066E-04  1.50131E-06  4.53707E-08  1.14165E-09  1.79382E-08  1.07911E-09  1.70347E-11  1.14892E-13
      26.822352  9.89312E-01  1.05766E-02  1.09637E-04  1.57384E-06  3.37680E-08  1.19170E-09  1.86791E-08  1.17310E-09  1.96035E-11  1.40850E-13
      26.922435  9.91166E-01  8.73548E-03  9.69263E-05  1.49162E-06  2.60069E-08  1.23969E-09  1.91389E-08  1.25165E-09  2.18481E-11  1.64873E-13
      27.022519  9.93799E-01  6.12599E-03  7.31745E-05  1.29960E-06  2.54326E-08  1.22001E-09  1.93457E-08  1.31652E-09  2.37383E-11  1.85827E-13
      27.122602  9.96415E-01  3.53858E-03  4.50065E-05  1.07099E-06  3.12338E-08  1.20541E-09  1.93698E-08  1.36893E-09  2.52888E-11  2.03469E-13
