# population in each right-qubit level over  time for $\ket{\Psi(t=0)} = \ket{01}$ (integrated over all cavity levels)
#        t [ns]            0            1            2            3            4            5            6            7            8            9
       0.000000  0.00000E+00  1.00000E+00  0.00000E+00  0.00000E+00  0.00000E+00  0.00000E+00  0.00000E+00  0.00000E+00  0.00000E+00  0.00000E+00
       0.100083  1.83844E-03  9.98162E-01  2.93727E-15  3.27151E-30  2.17480E-45  1.02165E-60  3.69659E-76  1.08444E-91  0.00000E+00  0.00000E+00
       0.200167  6.25974E-03  9.93740E-01  4.53141E-13  7.89420E-26  8.27688E-39  6.17715E-52  3.57250E-65  1.68340E-78  6.67538E-92  0.00000E+00
       0.300250  1.06365E-02  9.89364E-01  1.13606E-11  5.06246E-23  1.37547E-34  2.68712E-46  4.09655E-58  5.10739E-70  5.36081E-82  4.82684E-94
       0.400334  1.23799E-02  9.87620E-01  1.19549E-10  5.71826E-21  1.69224E-31  3.63934E-42  6.14591E-53  8.50141E-64  9.86920E-75  9.75201E-86
       0.500417  1.04880E-02  9.89512E-01  7.39595E-10  2.23193E-19  4.24011E-29  5.92561E-39  6.54394E-49  5.91982E-59  4.46617E-69  2.83293E-79
       0.600500  6.14285E-03  9.93857E-01  3.13197E-09  4.09564E-18  3.44816E-27  2.16974E-36  1.08765E-45  4.46466E-55  1.51519E-64  4.25317E-74
       0.700584  1.99985E-03  9.98000E-01  9.84872E-09  4.18245E-17  1.17941E-25  2.54261E-34  4.42059E-43  6.29958E-52  7.34747E-61  6.94948E-70
       0.800667  5.94008E-04  9.99406E-01  2.41683E-08  2.64136E-16  2.00283E-24  1.20087E-32  5.92395E-41  2.40652E-49  7.92213E-58  2.06867E-66
       0.900751  2.81881E-03  9.97181E-01  4.79819E-08  1.11295E-15  1.90643E-23  2.71734E-31  3.29244E-39  3.32392E-47  2.69831E-55  1.69811E-63
       1.000834  7.38794E-03  9.92612E-01  7.98793E-08  3.34551E-15  1.12730E-22  3.41045E-30  9.23592E-38  2.13108E-45  3.93851E-53  5.51577E-61
       1.100917  1.16027E-02  9.88397E-01  1.17515E-07  7.75192E-15  4.56631E-22  2.69780E-29  1.54505E-36  7.81419E-44  3.16326E-51  9.47445E-59
       1.201001  1.29658E-02  9.87034E-01  1.66959E-07  1.55602E-14  1.40310E-21  1.48072E-28  1.72615E-35  1.87923E-42  1.63596E-49  1.02282E-56
       1.301084  1.06750E-02  9.89325E-01  2.55490E-07  3.29122E-14  3.84249E-21  5.99346E-28  1.32778E-34  3.08653E-41  5.71931E-48  7.28415E-55
       1.401168  6.10283E-03  9.93897E-01  4.36294E-07  8.85532E-14  1.35170E-20  2.21571E-27  6.80135E-34  3.27622E-40  1.30398E-46  3.32473E-53
       1.501251  1.97447E-03  9.98025E-01  7.70769E-07  2.78189E-13  7.28673E-20  1.58131E-26  3.60163E-33  2.11081E-39  1.80159E-45  9.30602E-52
       1.601334  7.36695E-04  9.99262E-01  1.28723E-06  8.13487E-13  3.95603E-19  1.68044E-25  6.16775E-32  2.24323E-38  1.84650E-44  1.73387E-50
       1.701418  3.09423E-03  9.96904E-01  1.94479E-06  1.97200E-12  1.65552E-18  1.32659E-24  1.01321E-30  6.87792E-37  4.75338E-43  4.14776E-49
       1.801501  7.59001E-03  9.92407E-01  2.64995E-06  3.88937E-12  5.12964E-18  7.10944E-24  1.02996E-29  1.40126E-35  1.65882E-41  1.71508E-47
       1.901585  1.14805E-02  9.88516E-01  3.34466E-06  6.42650E-12  1.20676E-17  2.69246E-23  6.99442E-29  1.79461E-34  3.82788E-40  6.06203E-46
       2.001668  1.23820E-02  9.87614E-01  4.11989E-06  9.52454E-12  2.25054E-17  7.41824E-23  3.36472E-28  1.59667E-33  6.03178E-39  1.51840E-44
       2.101751  9.70114E-03  9.90294E-01  5.26125E-06  1.42750E-11  3.63687E-17  1.47388E-22  1.13924E-27  1.01867E-32  6.77843E-38  2.69471E-43
       2.201835  4.99388E-03  9.94999E-01  7.14019E-06  2.46058E-11  6.57410E-17  2.16743E-22  2.43877E-27  4.49507E-32  5.39927E-37  3.35851E-42
       2.301918  1.03671E-03  9.98953E-01  9.94280E-06  4.81656E-11  1.73291E-16  4.70301E-22  2.43279E-27  1.20166E-31  2.91625E-36  2.87926E-41
       2.402002  1.66639E-04  9.99820E-01  1.33869E-05  9.23966E-11  5.18848E-16  2.50941E-21  5.86370E-27  1.22885E-31  9.69185E-36  1.66237E-40
       2.502085  2.88386E-03  9.97099E-01  1.67140E-05  1.54249E-10  1.29088E-15  1.13723E-20  8.72999E-26  1.64782E-31  1.60553E-35  6.47377E-40
       2.602168  7.55363E-03  9.92427E-01  1.91437E-05  2.14112E-10  2.41821E-15  3.41605E-20  5.59163E-25  6.09644E-30  4.53167E-35  2.28494E-39
       2.702252  1.13860E-02  9.88593E-01  2.06150E-05  2.49387E-10  3.33796E-15  6.91670E-20  2.09422E-24  5.57644E-29  9.30028E-34  1.96922E-38
       2.802335  1.21062E-02  9.87872E-01  2.23280E-05  2.65007E-10  3.35195E-15  9.05185E-20  5.18474E-24  2.89009E-28  1.00027E-32  2.46148E-37
       2.902419  9.31553E-03  9.90658E-01  2.65926E-05  3.25245E-10  2.83741E-15  5.62138E-20  8.20837E-24  1.01422E-27  6.54840E-32  2.25772E-36
       3.002502  4.72817E-03  9.95236E-01  3.57564E-05  5.80596E-10  5.77437E-15  8.12307E-21  6.80048E-24  2.46532E-27  2.88786E-31  1.40986E-35
       3.102585  1.14127E-03  9.98808E-01  5.04759E-05  1.25373E-09  2.41588E-14  4.10690E-19  1.22132E-23  4.30645E-27  8.51786E-31  5.82075E-35
       3.202669  7.56627E-04  9.99175E-01  6.83338E-05  2.48341E-09  7.93381E-14  2.83546E-18  1.36432E-22  1.05090E-26  1.58723E-30  1.43205E-34
       3.302752  3.85892E-03  9.96057E-01  8.41754E-05  4.03639E-09  1.84939E-13  1.02568E-17  7.94327E-22  6.48731E-26  2.73640E-30  1.33827E-34
       3.402836  8.64265E-03  9.91265E-01  9.26714E-05  5.21992E-09  3.10160E-13  2.46926E-17  2.91090E-21  3.77455E-25  1.97813E-29  1.48083E-34
       3.502919  1.22912E-02  9.87617E-01  9.18914E-05  5.32357E-09  3.70880E-13  4.17183E-17  7.66697E-21  1.62497E-24  1.67748E-28  7.41493E-33
       3.603003  1.26609E-02  9.87253E-01  8.57508E-05  4.31609E-09  2.94457E-13  4.83458E-17  1.53048E-20  5.44173E-24  9.86751E-28  8.15474E-32
       3.703086  9.56281E-03  9.90353E-01  8.37539E-05  3.17172E-09  1.16908E-13  3.36638E-17  2.38057E-20  1.48292E-23  4.35415E-27  5.33431E-31
       3.803169  4.87285E-03  9.95030E-01  9.75468E-05  3.74578E-09  3.78433E-14  1.36869E-17  3.18072E-20  3.41005E-23  1.51184E-26  2.49219E-30
       3.903253  1.40679E-03  9.98458E-01  1.35048E-04  8.54502E-09  4.42756E-13  5.77098E-17  5.36383E-20  7.11130E-23  4.22446E-26  8.67565E-30
       4.003336  1.23235E-03  9.98573E-01  1.94858E-04  2.00322E-08  1.94556E-12  3.01722E-16  1.45885E-19  1.55795E-22  9.88488E-26  2.26469E-29
       4.103420  4.43161E-03  9.95303E-01  2.64939E-04  3.87115E-08  5.30783E-12  9.68278E-16  4.24434E-19  4.01158E-22  2.17858E-25  4.52811E-29
       4.203503  9.05513E-03  9.90617E-01  3.27548E-04  6.10016E-08  1.08520E-11  2.39676E-15  1.07073E-18  1.12444E-21  5.57322E-25  8.55098E-29
       4.303586  1.22938E-02  9.87338E-01  3.67775E-04  7.96208E-08  1.74313E-11  4.89214E-15  2.39306E-18  3.03968E-21  1.78837E-24  2.81660E-28
       4.403670  1.21642E-02  9.87455E-01  3.80539E-04  8.73983E-08  2.20352E-11  8.10606E-15  4.90863E-18  7.60972E-21  6.18653E-24  1.46932E-27
       4.503753  8.69851E-03  9.90929E-01  3.72604E-04  8.20571E-08  2.12623E-11  1.02854E-14  9.00838E-18  1.76838E-20  2.02119E-23  7.05773E-27
       4.603837  3.92629E-03  9.95714E-01  3.59389E-04  6.88637E-08  1.45190E-11  8.89320E-15  1.38363E-17  3.79626E-20  5.93114E-23  2.76173E-26
       4.703920  6.61382E-04  9.98980E-01  3.58269E-04  5.94206E-08  6.59830E-12  3.83849E-15  1.69578E-17  7.38200E-20  1.53073E-22  8.83669E-26
       4.804003  8.19489E-04  9.98799E-01  3.81607E-04  6.61571E-08  6.00793E-12  6.55684E-16  1.83545E-17  1.29248E-19  3.42572E-22  2.33565E-25
       4.904087  4.27526E-03  9.95291E-01  4.33597E-04  9.50214E-08  1.83123E-11  7.25825E-15  2.72347E-17  2.12790E-19  6.60535E-22  5.10793E-25
       5.004170  8.94302E-03  9.90544E-01  5.12654E-04  1.43047E-07  4.07120E-11  2.39141E-14  5.90928E-17  3.61996E-19  1.10629E-21  9.12415E-25
       5.104254  1.20308E-02  9.87353E-01  6.16246E-04  2.05518E-07  6.61113E-11  3.88813E-14  1.13248E-16  6.71027E-19  1.67807E-21  1.29175E-24
       5.204337  1.17136E-02  9.87544E-01  7.42545E-04  2.87080E-07  9.56840E-11  4.13956E-14  1.49131E-16  1.25563E-18  2.56820E-21  1.45819E-24
       5.304420  8.22177E-03  9.90892E-01  8.86081E-04  4.02889E-07  1.48803E-10  4.53349E-14  1.08148E-16  2.07508E-18  4.47712E-21  1.89562E-24
       5.404504  3.69562E-03  9.95273E-01  1.03036E-03  5.60426E-07  2.57045E-10  1.02592E-13  1.28890E-17  2.68413E-18  8.44677E-21  4.96812E-24
       5.504587  8.96118E-04  9.97958E-01  1.14514E-03  7.31201E-07  4.31187E-10  2.82419E-13  8.86821E-17  2.33158E-18  1.43478E-20  1.46537E-23
       5.604671  1.54930E-03  9.97254E-01  1.19583E-03  8.43668E-07  6.13214E-10  5.97858E-13  7.42410E-16  9.14961E-19  1.89109E-20  3.32679E-23
       5.704754  5.31644E-03  9.93519E-01  1.16411E-03  8.24883E-07  6.77241E-10  9.14332E-13  2.25836E-15  5.80623E-19  1.76352E-20  6.01851E-23
       5.804837  1.00020E-02  9.88929E-01  1.06832E-03  6.69512E-07  5.32713E-10  9.80357E-13  4.37135E-15  6.67803E-18  1.66648E-20  1.06651E-22
       5.904921  1.28696E-02  9.86161E-01  9.68713E-04  4.70018E-07  2.49196E-10  6.73502E-13  6.27109E-15  2.66935E-17  5.85497E-20  2.48121E-22
       6.005004  1.22775E-02  9.86771E-01  9.50903E-04  3.75949E-07  4.94687E-11  2.65409E-13  7.52381E-15  6.75606E-17  2.53658E-19  7.21621E-22
       6.105088  8.65474E-03  9.90254E-01  1.09101E-03  5.29277E-07  1.68027E-10  3.49442E-13  9.53052E-15  1.35727E-16  7.77533E-19  1.96531E-21
       6.205171  4.23332E-03  9.94352E-01  1.41320E-03  1.02717E-06  7.45115E-10  1.36192E-12  1.57316E-14  2.48154E-16  1.78541E-18  4.32607E-21
       6.305254  1.69843E-03  9.96440E-01  1.85938E-03  1.88204E-06  1.85749E-09  3.20365E-12  2.83631E-14  4.54202E-16  3.31848E-18  7.42728E-21
       6.405338  2.57517E-03  9.95126E-01  2.29626E-03  2.93471E-06  3.52118E-09  5.64310E-12  4.34291E-14  8.40650E-16  5.47488E-18  1.02020E-20
       6.505421  6.32495E-03  9.91102E-01  2.56941E-03  3.80932E-06  5.43938E-09  9.04779E-12  5.18726E-14  1.48235E-15  9.00919E-18  1.30022E-20
       6.605505  1.06846E-02  9.86732E-01  2.57935E-03  4.06619E-06  6.75224E-09  1.37263E-11  5.10011E-14  2.36156E-15  1.60379E-17  2.18350E-20
       6.705588  1.30295E-02  9.84631E-01  2.33567E-03  3.51047E-06  6.42557E-09  1.79427E-11  5.32049E-14  3.35888E-15  3.03409E-17  5.35011E-20
       6.805671  1.19428E-02  9.86093E-01  1.96184E-03  2.38842E-06  4.24825E-09  1.80468E-11  7.50792E-14  4.39239E-15  5.72118E-17  1.39939E-19
       6.905755  8.05936E-03  9.90287E-01  1.65210E-03  1.29382E-06  1.43397E-09  1.28586E-11  1.17403E-13  5.63828E-15  1.03351E-16  3.28021E-19
       7.005838  3.68443E-03  9.94719E-01  1.59597E-03  8.83334E-07  1.08540E-11  7.92572E-12  1.73011E-13  7.66461E-15  1.76895E-16  6.67740E-19
       7.105922  1.40966E-03  9.96695E-01  1.89394E-03  1.59631E-06  1.41965E-09  1.20521E-11  2.69069E-13  1.14618E-14  2.86119E-16  1.18177E-18
       7.206005  2.55889E-03  9.94934E-01  2.50327E-03  3.46850E-06  5.64227E-09  2.67928E-11  4.70780E-13  1.85878E-14  4.36383E-16  1.82467E-18
       7.306088  6.40619E-03  9.90336E-01  3.25128E-03  6.07368E-06  1.16101E-08  4.26160E-11  7.78417E-13  3.12617E-14  6.31581E-16  2.48051E-18
       7.406172  1.06327E-02  9.85445E-01  3.91349E-03  8.65974E-06  1.80998E-08  5.09922E-11  1.02009E-12  5.13768E-14  8.88580E-16  3.07996E-18
       7.506255  1.27281E-02  9.82952E-01  4.30898E-03  1.04562E-05  2.38773E-08  5.76145E-11  9.52488E-13  7.78014E-14  1.25738E-15  3.86685E-18
       7.606339  1.14841E-02  9.84143E-01  4.36238E-03  1.09631E-05  2.72207E-08  7.42955E-11  5.59790E-13  1.03835E-13  1.81633E-15  5.65849E-18
       7.706422  7.69740E-03  9.88175E-01  4.11721E-03  1.00801E-05  2.61727E-08  9.60369E-11  1.90138E-13  1.18817E-13  2.61618E-15  9.72027E-18
       7.806505  3.68117E-03  9.92600E-01  3.71102E-03  8.14008E-06  2.00997E-08  9.76667E-11  2.29476E-13  1.15246E-13  3.60548E-15  1.70463E-17
       7.906589  1.88091E-03  9.94787E-01  3.32588E-03  5.91353E-06  1.12283E-08  6.44556E-11  6.20888E-13  9.56091E-14  4.62674E-15  2.75553E-17
       8.006672  3.41753E-03  9.93449E-01  3.12919E-03  4.44222E-06  4.20440E-09  1.97891E-11  9.32974E-13  7.09580E-14  5.51193E-15  3.99387E-17
       8.106756  7.42561E-03  9.89343E-01  3.22630E-03  4.59341E-06  3.40920E-09  6.01633E-12  1.02535E-12  5.27232E-14  6.18050E-15  5.20290E-17
       8.206839  1.15832E-02  9.84769E-01  3.64149E-03  6.61323E-06  1.02090E-08  3.79943E-11  1.38026E-12  4.79868E-14  6.64797E-15  6.10628E-17
       8.306922  1.35088E-02  9.82159E-01  4.32244E-03  1.01133E-05  2.27433E-08  9.18623E-11  2.46932E-12  6.28245E-14  6.97620E-15  6.40088E-17
       8.407006  1.21774E-02  9.82658E-01  5.15045E-03  1.44692E-05  3.83185E-08  1.42016E-10  3.87462E-12  1.05841E-13  7.26643E-15  5.89475E-17
       8.507089  8.50577E-03  9.85525E-01  5.95006E-03  1.90914E-05  5.57574E-08  1.93707E-10  4.40321E-12  1.80838E-13  7.76346E-15  4.80459E-17
       8.607173  4.77255E-03  9.88690E-01  6.51400E-03  2.31961E-05  7.48686E-08  2.73902E-10  3.35385E-12  2.70496E-13  8.97010E-15  4.04420E-17
       8.707256  3.24519E-03  9.90066E-01  6.66289E-03  2.54746E-05  9.25237E-08  3.97529E-10  1.65504E-12  3.31086E-13  1.14872E-14  5.11825E-17
       8.807339  4.84176E-03  9.88804E-01  6.32967E-03  2.44947E-05  9.95807E-08  5.35606E-10  1.47996E-12  3.15994E-13  1.55091E-14  9.50007E-17
       8.907423  8.60946E-03  9.85749E-01  5.62201E-03  1.99222E-05  8.57968E-08  6.05160E-10  4.36795E-12  2.17243E-13  2.04870E-14  1.80218E-16
       9.007506  1.23084E-02  9.82863E-01  4.81511E-03  1.34181E-05  5.19051E-08  5.20955E-10  9.55417E-12  8.94743E-14  2.57071E-14  3.09826E-16
       9.107590  1.37494E-02  9.81975E-01  4.26722E-03  8.12012E-06  1.55871E-08  3.08731E-10  1.46448E-11  3.02599E-14  3.20194E-14  4.91689E-16
       9.207673  1.20981E-02  9.83605E-01  4.28962E-03  7.06098E-06  1.69747E-09  1.61198E-10  1.89324E-11  1.34454E-13  4.37169E-14  7.49660E-16
       9.307756  8.36468E-03  9.86611E-01  5.01265E-03  1.17686E-05  2.50194E-08  3.08543E-10  2.61203E-11  4.88680E-13  6.80590E-14  1.11161E-15
       9.407840  4.77940E-03  9.88905E-01  6.29359E-03  2.16542E-05  8.17086E-08  7.77118E-10  4.15618E-11  1.25491E-12  1.10826E-13  1.55832E-15
       9.507923  3.44139E-03  9.88799E-01  7.72537E-03  3.39570E-05  1.54274E-07  1.31913E-09  6.39368E-11  2.75246E-12  1.71773E-13  1.98767E-15
       9.608007  5.07766E-03  9.86095E-01  8.78270E-03  4.42895E-05  2.20308E-07  1.66153E-09  8.07724E-11  5.32656E-12  2.47381E-13  2.29408E-15
       9.708090  8.65099E-03  9.82244E-01  9.05610E-03  4.82887E-05  2.56724E-07  1.77562E-09  7.76421E-11  8.96967E-12  3.40615E-13  2.54918E-15
       9.808173  1.20092E-02  9.79501E-01  8.44599E-03  4.39730E-05  2.44927E-07  1.77745E-09  5.41956E-11  1.30403E-11  4.66278E-13  3.11477E-15
       9.908257  1.31625E-02  9.79592E-01  7.21256E-03  3.30873E-05  1.82922E-07  1.63282E-09  2.69016E-11  1.64743E-11  6.42526E-13  4.53757E-15
      10.008340  1.14488E-02  9.82657E-01  5.87362E-03  2.02952E-05  9.47832E-08  1.19882E-09  1.25424E-11  1.84386E-11  8.73284E-13  7.22443E-15
      10.108424  7.92172E-03  9.87060E-01  5.00712E-03  1.10109E-05  2.27464E-08  6.05084E-10  1.25147E-11  1.89058E-11  1.13747E-12  1.10739E-14
      10.208507  4.72111E-03  9.90246E-01  5.02365E-03  9.35970E-06  3.31309E-09  3.32144E-10  1.85687E-11  1.86481E-11  1.39703E-12  1.53574E-14
      10.308590  3.78696E-03  9.90210E-01  5.98582E-03  1.68116E-05  4.68878E-08  6.88408E-10  3.05260E-11  1.87123E-11  1.61741E-12  1.90007E-14
      10.408674  5.69807E-03  9.86702E-01  7.56806E-03  3.14168E-05  1.37385E-07  1.37617E-09  5.67579E-11  1.98926E-11  1.78321E-12  2.10952E-14
      10.508757  9.34969E-03  9.81403E-01  9.19910E-03  4.81423E-05  2.45905E-07  1.88374E-09  9.36747E-11  2.24682E-11  1.90216E-12  2.13724E-14
      10.608841  1.26422E-02  9.76983E-01  1.03132E-02  6.08565E-05  3.41038E-07  2.18962E-09  1.17282E-10  2.60336E-11  2.00173E-12  2.04893E-14
      10.708924  1.37294E-02  9.75635E-01  1.05702E-02  6.50958E-05  3.92131E-07  2.66267E-09  1.06603E-10  2.94001E-11  2.11718E-12  1.99391E-14
      10.809008  1.20813E-02  9.77903E-01  9.95583E-03  5.98207E-05  3.76237E-07  3.25868E-09  7.04655E-11  3.09431E-11  2.26642E-12  2.13445E-14
      10.909091  8.76841E-03  9.82425E-01  8.75903E-03  4.74165E-05  2.92581E-07  3.30304E-09  3.93363E-11  2.95529E-11  2.42218E-12  2.52953E-14
      11.009174  5.82314E-03  9.86682E-01  7.46162E-03  3.26126E-05  1.71778E-07  2.35988E-09  3.06296E-11  2.55209E-11  2.51066E-12  3.06124E-14
      11.109258  5.04219E-03  9.88369E-01  6.56815E-03  2.10049E-05  6.53778E-08  9.98414E-10  3.42786E-11  2.03722E-11  2.45131E-12  3.48707E-14
      11.209341  6.92189E-03  9.86635E-01  6.42628E-03  1.72243E-05  1.93848E-08  2.58421E-10  3.65560E-11  1.56735E-11  2.21055E-12  3.58274E-14
      11.309425  1.03672E-02  9.82498E-01  7.11172E-03  2.30959E-05  5.18440E-08  4.97849E-10  4.34591E-11  1.20438E-11  1.82448E-12  3.26004E-14
      11.409508  1.33579E-02  9.78180E-01  8.42524E-03  3.69238E-05  1.49893E-07  1.23537E-09  6.79804E-11  9.24523E-12  1.37825E-12  2.59693E-14
      11.509591  1.41615E-02  9.75803E-01  9.98089E-03  5.45190E-05  2.83203E-07  2.05328E-09  1.02988E-10  6.90212E-12  9.64924E-13  1.79235E-14
      11.609675  1.23487E-02  9.76252E-01  1.13274E-02  7.10061E-05  4.18947E-07  3.08064E-09  1.22668E-10  4.92454E-12  6.50739E-13  1.07266E-14
      11.709758  9.01385E-03  9.78836E-01  1.20678E-02  8.20053E-05  5.27435E-07  4.41878E-09  1.12155E-10  3.41678E-12  4.61268E-13  5.90309E-15
      11.809842  6.10699E-03  9.81836E-01  1.19728E-02  8.41270E-05  5.79862E-07  5.56966E-09  8.48496E-11  2.50093E-12  3.92200E-13  3.88261E-15
      11.909925  5.29285E-03  9.83560E-01  1.10709E-02  7.58595E-05  5.49679E-07  5.80970E-09  6.57814E-11  2.26755E-12  4.38049E-13  4.70495E-15
      12.010008  6.99547E-03  9.83276E-01  9.66949E-03  5.90708E-05  4.28498E-07  4.92343E-09  6.54596E-11  2.65886E-12  6.15745E-13  9.00401E-15
      12.110092  1.01632E-02  9.81528E-01  8.26912E-03  3.95498E-05  2.48815E-07  3.30831E-09  7.50178E-11  3.35535E-12  9.55292E-13  1.79854E-14
      12.210175  1.28912E-02  9.79687E-01  7.39709E-03  2.51064E-05  8.52080E-08  1.60950E-09  8.15284E-11  4.00966E-12  1.46292E-12  3.22817E-14
      12.310259  1.35529E-02  9.78998E-01  7.42682E-03  2.21025E-05  1.90973E-08  5.72909E-10  8.50744E-11  4.69710E-12  2.10444E-12  5.09285E-14
      12.410342  1.17706E-02  9.79753E-01  8.44332E-03  3.27817E-05  9.23455E-08  9.75770E-10  1.05939E-10  6.13196E-12  2.83952E-12  7.14626E-14
      12.510425  8.63080E-03  9.81129E-01  1.01855E-02  5.46177E-05  2.87848E-07  3.11781E-09  1.73984E-10  9.76353E-12  3.66713E-12  9.07396E-14
      12.610509  6.01327E-03  9.81811E-01  1.20941E-02  8.11200E-05  5.44802E-07  6.29272E-09  2.97166E-10  1.81244E-11  4.62139E-12  1.05555E-13
      12.710592  5.46664E-03  9.80939E-01  1.34905E-02  1.03465E-04  7.84485E-07  9.18234E-09  4.32799E-10  3.47240E-11  5.73914E-12  1.13579E-13
      12.810676  7.31575E-03  9.78724E-01  1.38462E-02  1.13214E-04  9.27657E-07  1.08964E-08  5.05355E-10  6.21030E-11  7.08567E-12  1.15920E-13
      12.910759  1.05008E-02  9.76375E-01  1.30176E-02  1.05934E-04  9.13166E-07  1.12683E-08  4.72201E-10  9.86350E-11  8.83403E-12  1.20141E-13
      13.010842  1.32026E-02  9.75397E-01  1.13156E-02  8.38199E-05  7.29552E-07  1.02088E-08  3.67131E-10  1.37382E-10  1.12593E-11  1.39681E-13
      13.110926  1.38912E-02  9.76671E-01  9.38228E-03  5.52444E-05  4.39254E-07  7.58170E-09  2.64347E-10  1.69424E-10  1.45579E-11  1.87404E-13
      13.211009  1.22182E-02  9.79801E-01  7.94970E-03  3.13346E-05  1.62180E-07  4.11143E-09  2.06869E-10  1.89640E-10  1.86090E-11  2.66337E-13
      13.311093  9.23218E-03  9.83170E-01  7.57578E-03  2.15386E-05  1.85365E-08  1.67807E-09  1.90711E-10  1.99963E-10  2.29107E-11  3.64453E-13
      13.411176  6.75986E-03  9.84780E-01  8.43055E-03  3.00089E-05  6.84431E-08  1.82012E-09  2.14183E-10  2.07438E-10  2.67791E-11  4.58257E-13
      13.511259  6.30945E-03  9.83425E-01  1.02115E-02  5.38473E-05  2.87067E-07  4.10208E-09  3.03503E-10  2.19285E-10  2.96623E-11  5.23208E-13
      13.611343  8.17453E-03  9.79487E-01  1.22536E-02  8.40427E-05  5.84383E-07  6.74130E-09  4.61716E-10  2.38957E-10  3.13555E-11  5.44747E-13
      13.711426  1.12828E-02  9.74800E-01  1.38068E-02  1.09257E-04  8.50280E-07  8.74728E-09  6.16032E-10  2.64640E-10  3.20427E-11  5.25351E-13
      13.811510  1.38470E-02  9.71689E-01  1.43419E-02  1.20723E-04  9.98107E-07  1.04687E-08  6.60869E-10  2.89498E-10  3.21887E-11  4.85272E-13
      13.911593  1.44024E-02  9.71747E-01  1.37345E-02  1.15403E-04  9.88467E-07  1.19273E-08  5.61943E-10  3.03760E-10  3.22830E-11  4.54517E-13
      14.011676  1.26396E-02  9.74989E-01  1.22742E-02  9.61131E-05  8.30453E-07  1.18566E-08  3.92248E-10  2.99316E-10  3.24853E-11  4.56184E-13
      14.111760  9.58085E-03  9.79816E-01  1.05328E-02  6.97956E-05  5.72038E-07  9.24319E-09  2.53296E-10  2.75075E-10  3.23895E-11  4.89831E-13
      14.211843  6.99569E-03  9.83808E-01  9.15007E-03  4.54595E-05  2.92223E-07  5.12926E-09  1.81446E-10  2.38426E-10  3.11787E-11  5.29042E-13
      14.311927  6.36744E-03  9.85004E-01  8.59660E-03  3.17198E-05  8.98859E-08  1.86532E-09  1.49718E-10  2.00204E-10  2.81578E-11  5.37875E-13
      14.412010  8.01218E-03  9.82950E-01  9.00455E-03  3.34919E-05  4.99459E-08  8.30758E-10  1.40001E-10  1.67011E-10  2.32780E-11  4.93495E-13
      14.512093  1.08938E-02  9.78909E-01  1.01473E-02  4.93157E-05  1.90160E-07  1.77992E-09  1.75334E-10  1.37894E-10  1.72518E-11  3.98392E-13
      14.612177  1.32556E-02  9.75104E-01  1.15686E-02  7.18954E-05  4.36317E-07  4.08896E-09  2.76222E-10  1.07908E-10  1.12220E-11  2.77285E-13
      14.712260  1.36726E-02  9.73459E-01  1.27754E-02  9.21209E-05  6.66742E-07  7.29808E-09  4.09560E-10  7.45820E-11  6.24475E-12  1.63481E-13
      14.812344  1.18856E-02  9.74610E-01  1.34004E-02  1.03561E-04  7.94164E-07  1.02128E-08  4.96115E-10  4.15475E-11  2.87664E-12  8.18491E-14
      14.912427  8.93895E-03  9.77660E-01  1.32961E-02  1.04292E-04  8.07581E-07  1.09175E-08  4.67912E-10  1.64945E-11  1.06760E-12  3.77510E-14
      15.012510  6.56359E-03  9.80780E-01  1.25595E-02  9.57920E-05  7.42482E-07  8.77859E-09  3.23009E-10  5.07259E-12  4.05832E-13  2.05814E-14
      15.112594  6.16765E-03  9.82264E-01  1.14864E-02  8.11038E-05  6.26426E-07  5.65221E-09  1.38202E-10  5.72574E-12  5.02104E-13  1.86424E-14
      15.212677  8.00610E-03  9.81469E-01  1.04599E-02  6.41092E-05  4.65785E-07  3.82987E-09  2.54034E-11  1.04480E-11  1.15997E-12  2.95356E-14
      15.312761  1.10151E-02  9.79124E-01  9.81096E-03  4.95472E-05  2.80639E-07  3.25860E-09  4.58758E-11  1.14776E-11  2.22531E-12  5.65544E-14
      15.412844  1.34283E-02  9.76817E-01  9.71211E-03  4.22173E-05  1.31968E-07  2.25659E-09  1.54076E-10  7.58571E-12  3.42298E-12  9.97647E-14
      15.512927  1.38259E-02  9.75986E-01  1.01434E-02  4.49965E-05  9.62903E-08  7.78326E-10  2.56109E-10  3.66413E-12  4.51864E-12  1.54685E-13
      15.613011  1.19872E-02  9.77035E-01  1.09203E-02  5.70174E-05  2.08252E-07  1.19004E-09  3.46399E-10  5.34401E-12  5.68987E-12  2.18096E-13
      15.713094  9.02686E-03  9.79141E-01  1.17579E-02  7.35397E-05  4.26409E-07  5.08991E-09  5.50375E-10  1.68499E-11  7.61781E-12  2.90183E-13
      15.813178  6.73369E-03  9.80821E-01  1.23570E-02  8.79027E-05  6.51425E-07  1.05745E-08  9.69467E-10  4.57085E-11  1.10534E-11  3.68454E-13
      15.913261  6.51413E-03  9.80887E-01  1.25033E-02  9.45709E-05  7.82121E-07  1.38548E-08  1.47933E-09  1.06433E-10  1.62669E-11  4.43230E-13
      16.013344  8.56286E-03  9.79193E-01  1.21515E-02  9.15280E-05  7.71035E-07  1.31134E-08  1.75993E-09  2.12575E-10  2.30159E-11  5.06321E-13
      16.113428  1.17370E-02  9.76733E-01  1.14489E-02  8.07028E-05  6.42602E-07  9.72238E-09  1.59561E-09  3.60169E-10  3.10332E-11  5.67217E-13
      16.213511  1.42077E-02  9.75048E-01  1.06768E-02  6.65486E-05  4.63687E-07  6.02372E-09  1.11769E-09  5.20252E-10  4.03095E-11  6.56132E-13
      16.313595  1.45240E-02  9.75284E-01  1.01375E-02  5.40492E-05  2.96524E-07  3.19496E-09  6.80768E-10  6.52675E-10  5.06530E-11  8.02621E-13
      16.413678  1.24758E-02  9.77442E-01  1.00349E-02  4.72423E-05  1.78039E-07  1.34149E-09  5.03819E-10  7.31014E-10  6.09785E-11  1.00472E-12
      16.513761  9.23433E-03  9.80326E-01  1.03913E-02  4.83143E-05  1.33582E-07  4.24323E-10  5.03900E-10  7.55281E-10  6.92945E-11  1.21828E-12
      16.613845  6.67070E-03  9.82244E-01  1.10287E-02  5.68243E-05  1.86799E-07  4.91572E-10  5.04370E-10  7.41632E-10  7.36864E-11  1.38013E-12
      16.713928  6.25226E-03  9.82041E-01  1.16367E-02  6.92807E-05  3.34954E-07  1.62455E-09  5.21030E-10  7.02573E-10  7.34796E-11  1.44591E-12
      16.814012  8.18162E-03  9.79824E-01  1.19133E-02  8.00563E-05  5.18916E-07  3.99816E-09  7.40190E-10  6.38941E-10  6.95624E-11  1.41187E-12
      16.914095  1.12839E-02  9.76916E-01  1.17154E-02  8.39676E-05  6.43614E-07  7.37542E-09  1.22175E-09  5.48839E-10  6.37406E-11  1.31085E-12
      17.014178  1.36984E-02  9.75088E-01  1.11341E-02  7.91182E-05  6.44873E-07  1.02966E-08  1.72940E-09  4.39997E-10  5.77849E-11  1.19376E-12
      17.114262  1.39699E-02  9.75506E-01  1.04555E-02  6.80163E-05  5.33137E-07  1.06531E-08  1.92357E-09  3.31205E-10  5.27766E-11  1.10770E-12
      17.214345  1.19101E-02  9.78000E-01  1.00329E-02  5.63339E-05  3.73493E-07  7.82102E-09  1.69422E-09  2.42160E-10  4.89202E-11  1.07564E-12
      17.314429  8.71910E-03  9.81106E-01  1.01244E-02  5.02201E-05  2.38877E-07  3.76428E-09  1.25555E-09  1.82891E-10  4.57005E-11  1.08350E-12
      17.414512  6.27739E-03  9.82910E-01  1.07589E-02  5.33818E-05  1.85343E-07  1.24634E-09  9.17220E-10  1.52621E-10  4.21995E-11  1.08433E-12
      17.514595  6.02249E-03  9.82218E-01  1.16942E-02  6.49390E-05  2.42327E-07  1.21256E-09  7.93205E-10  1.46179E-10  3.74985E-11  1.02257E-12
      17.614679  8.09007E-03  9.79322E-01  1.25083E-02  7.92753E-05  3.90149E-07  2.60457E-09  7.44484E-10  1.58197E-10  3.11698E-11  8.67998E-13
      17.714762  1.12375E-02  9.75878E-01  1.27949E-02  8.87410E-05  5.47653E-07  4.19437E-09  5.88427E-10  1.80811E-10  2.36726E-11  6.38276E-13
      17.814846  1.35844E-02  9.73969E-01  1.23583E-02  8.80627E-05  6.16079E-07  5.44928E-09  3.29632E-10  2.01070E-10  1.62815E-11  3.92677E-13
      17.914929  1.37265E-02  9.74885E-01  1.13110E-02  7.73952E-05  5.56104E-07  5.91212E-09  1.54967E-10  2.05516E-10  1.04275E-11  1.98429E-13
      18.015013  1.15766E-02  9.78320E-01  1.00410E-02  6.17995E-05  4.15846E-07  5.15346E-09  2.06032E-10  1.90275E-10  6.84690E-12  9.06666E-14
      18.115096  8.43718E-03  9.82446E-01  9.06889E-03  4.80058E-05  2.79888E-07  3.62867E-09  3.98373E-10  1.66182E-10  5.21709E-12  5.50927E-14
      18.215179  6.23950E-03  9.84882E-01  8.83710E-03  4.12759E-05  2.01339E-07  2.48707E-09  5.08186E-10  1.50425E-10  4.65718E-12  5.03225E-14
      18.315263  6.37908E-03  9.84070E-01  9.50628E-03  4.41331E-05  1.86375E-07  2.06216E-09  4.32762E-10  1.49947E-10  4.66531E-12  5.22174E-14
      18.415346  8.85496E-03  9.80227E-01  1.08618E-02  5.63107E-05  2.26979E-07  1.55746E-09  3.04358E-10  1.53890E-10  5.48125E-12  7.44005E-14
      18.515430  1.22522E-02  9.75278E-01  1.23952E-02  7.45976E-05  3.24834E-07  8.38110E-10  3.06231E-10  1.44973E-10  7.40689E-12  1.41896E-13
      18.615513  1.45801E-02  9.71807E-01  1.35192E-02  9.28644E-05  4.74937E-07  1.34438E-09  4.27833E-10  1.17617E-10  9.90660E-12  2.50781E-13
      18.715596  1.44512E-02  9.71644E-01  1.38001E-02  1.03662E-04  6.35535E-07  4.05578E-09  4.83734E-10  8.20502E-11  1.16810E-11  3.62271E-13
      18.815680  1.19043E-02  9.74882E-01  1.31110E-02  1.01559E-04  7.29688E-07  7.39771E-09  3.73210E-10  5.12178E-11  1.17611E-11  4.36006E-13
      18.915763  8.39948E-03  9.79841E-01  1.16728E-02  8.63906E-05  6.91268E-07  8.67693E-09  2.40635E-10  2.84487E-11  1.04470E-11  4.63685E-13
      19.015847  5.98179E-03  9.83976E-01  9.97815E-03  6.39993E-05  5.22320E-07  7.35145E-09  3.22408E-10  1.16191E-11  9.11810E-12  4.69397E-13
      19.115930  6.07701E-03  9.85262E-01  8.61694E-03  4.35028E-05  3.06991E-07  5.42921E-09  6.61895E-10  7.25038E-12  9.27362E-12  4.84547E-13
      19.216013  8.62288E-03  9.83286E-01  8.05878E-03  3.26015E-05  1.55382E-07  4.52279E-09  1.04013E-09  3.42499E-11  1.19660E-11  5.32042E-13
      19.316097  1.20805E-02  9.79397E-01  8.48818E-03  3.41051E-05  1.21251E-07  4.04305E-09  1.20669E-09  1.09859E-10  1.80899E-11  6.35186E-13
      19.416180  1.43494E-02  9.75846E-01  9.75837E-03  4.59319E-05  1.77077E-07  2.95575E-09  1.13458E-09  2.33415E-10  2.87491E-11  8.29584E-13
      19.516264  1.40337E-02  9.74443E-01  1.14587E-02  6.38054E-05  2.71406E-07  1.97027E-09  1.00562E-09  3.87148E-10  4.47454E-11  1.14867E-12
      19.616347  1.12808E-02  9.75589E-01  1.30458E-02  8.36156E-05  3.95184E-07  2.72855E-09  9.64290E-10  5.53044E-10  6.53409E-11  1.58349E-12
      19.716430  7.68737E-03  9.78211E-01  1.39996E-02  1.01325E-04  5.72485E-07  5.43356E-09  9.48112E-10  7.25311E-10  8.76072E-11  2.05640E-12
      19.816514  5.34943E-03  9.80557E-01  1.39811E-02  1.11635E-04  7.85805E-07  8.49921E-09  7.95296E-10  9.02495E-10  1.07488E-10  2.45150E-12
      19.916597  5.62627E-03  9.81310E-01  1.29541E-02  1.08776E-04  9.34417E-07  1.03833E-08  4.91811E-10  1.06795E-09  1.22019E-10  2.68986E-12
      20.016681  8.33348E-03  9.80363E-01  1.12123E-02  9.05689E-05  8.98741E-07  1.07445E-08  2.49622E-10  1.18358E-09  1.30762E-10  2.78184E-12
      20.116764  1.18348E-02  9.78812E-01  9.28993E-03  6.22159E-05  6.59228E-07  9.87092E-09  3.06596E-10  1.20841E-09  1.35188E-10  2.81060E-12
      20.216847  1.40023E-02  9.78169E-01  7.79375E-03  3.50818E-05  3.37198E-07  8.06313E-09  6.78199E-10  1.12650E-09  1.36803E-10  2.86986E-12
      20.316931  1.35013E-02  9.79255E-01  7.22272E-03  2.04951E-05  1.04048E-07  5.90880E-09  1.15570E-09  9.58792E-10  1.35815E-10  3.00644E-12
      20.417014  1.06238E-02  9.81536E-01  7.81659E-03  2.36623E-05  5.58796E-08  4.45849E-09  1.54535E-09  7.50181E-10  1.31400E-10  3.19678E-12
      20.517098  7.13181E-03  9.83374E-01  9.45122E-03  4.23784E-05  1.77568E-07  4.62941E-09  1.85006E-09  5.45276E-10  1.23088E-10  3.36303E-12
      20.617181  5.18587E-03  9.83121E-01  1.16230E-02  7.01285E-05  4.02610E-07  6.58556E-09  2.16902E-09  3.74068E-10  1.11773E-10  3.41628E-12
      20.717264  6.02824E-03  9.80290E-01  1.35815E-02  9.93208E-05  6.77433E-07  9.85447E-09  2.44777E-09  2.54257E-10  9.92881E-11  3.29901E-12
      20.817348  9.23127E-03  9.76042E-01  1.46034E-02  1.21997E-04  9.62123E-07  1.37398E-08  2.42767E-09  1.96858E-10  8.71256E-11  3.00502E-12
      20.917431  1.29466E-02  9.72634E-01  1.42884E-02  1.30041E-04  1.18777E-06  1.72903E-08  1.91953E-09  2.01010E-10  7.56978E-11  2.57659E-12
      21.017515  1.49862E-02  9.72171E-01  1.27238E-02  1.18019E-04  1.24673E-06  1.91827E-08  1.09557E-09  2.44454E-10  6.46219E-11  2.08354E-12
      21.117598  1.41122E-02  9.75346E-01  1.04528E-02  8.77421E-05  1.06088E-06  1.83390E-08  4.15508E-10  2.88287E-10  5.33047E-11  1.58955E-12
      21.217681  1.07996E-02  9.80866E-01  8.28315E-03  5.00877E-05  6.76572E-07  1.49242E-08  2.28779E-10  2.99569E-10  4.13280E-11  1.12726E-12
      21.317765  7.00013E-03  9.85972E-01  7.00665E-03  2.10912E-05  2.78495E-07  1.05398E-08  4.98776E-10  2.71951E-10  2.89317E-11  7.09206E-13
      21.417848  4.99259E-03  9.87894E-01  7.09924E-03  1.38450E-05  8.00539E-08  7.35310E-09  9.47485E-10  2.23757E-10  1.77540E-11  3.70508E-13
      21.517932  5.99279E-03  9.85459E-01  8.51674E-03  3.12433E-05  1.74879E-07  6.98982E-09  1.39409E-09  1.77871E-10  1.10318E-11  1.96737E-13
      21.618015  9.39794E-03  9.79833E-01  1.07036E-02  6.45356E-05  4.82664E-07  9.76106E-09  1.84109E-09  1.47706E-10  1.23112E-11  2.90387E-13
      21.718098  1.31500E-02  9.73920E-01  1.28304E-02  9.87856E-05  8.30777E-07  1.43256E-08  2.24447E-09  1.41514E-10  2.31014E-11  6.89185E-13
      21.818182  1.49778E-02  9.70766E-01  1.41336E-02  1.21191E-04  1.08024E-06  1.81714E-08  2.36292E-09  1.69888E-10  4.12745E-11  1.30763E-12
      21.918265  1.37481E-02  9.71931E-01  1.41933E-02  1.26238E-04  1.18127E-06  1.91649E-08  1.96939E-09  2.37305E-10  6.16022E-11  1.96208E-12
      22.018349  1.01359E-02  9.76688E-01  1.30603E-02  1.15064E-04  1.14230E-06  1.71866E-08  1.18309E-09  3.24090E-10  7.80755E-11  2.46924E-12
      22.118432  6.24076E-03  9.82452E-01  1.12143E-02  9.19917E-05  9.82207E-07  1.41333E-08  4.74313E-10  3.85489E-10  8.63626E-11  2.73984E-12
      22.218515  4.35837E-03  9.86210E-01  9.36758E-03  6.29384E-05  7.21725E-07  1.19779E-08  2.85146E-10  3.79565E-10  8.50057E-11  2.79317E-12
      22.318599  5.60331E-03  9.86186E-01  8.17362E-03  3.62669E-05  4.11112E-07  1.10019E-08  6.77813E-10  3.00748E-10  7.53907E-11  2.70434E-12
      22.418682  9.21037E-03  9.82792E-01  7.97509E-03  2.19182E-05  1.54876E-07  1.04336E-08  1.37989E-09  1.86299E-10  6.15136E-11  2.56566E-12
      22.518766  1.29778E-02  9.78277E-01  8.71891E-03  2.64707E-05  8.38832E-08  1.06420E-08  2.12549E-09  9.27036E-11  5.00311E-11  2.50393E-12
      22.618849  1.46055E-02  9.75294E-01  1.00525E-02  4.80902E-05  2.65947E-07  1.35799E-08  2.88067E-09  6.97931E-11  4.99659E-11  2.71207E-12
      22.718932  1.31009E-02  9.75320E-01  1.15019E-02  7.69577E-05  6.30397E-07  2.02096E-08  3.72153E-09  1.55745E-10  7.11118E-11  3.42896E-12
      22.819016  9.38297E-03  9.77884E-01  1.26305E-02  1.01274E-04  9.97797E-07  2.79354E-08  4.53936E-09  3.85921E-10  1.20860E-10  4.84201E-12
      22.919099  5.72873E-03  9.81013E-01  1.31436E-02  1.13541E-04  1.20478E-06  3.17574E-08  4.93428E-09  7.87971E-10  2.00540E-10  6.96752E-12
      23.019183  4.40477E-03  9.82536E-01  1.29453E-02  1.12409E-04  1.20976E-06  2.87124E-08  4.48291E-09  1.34861E-09  3.03467E-10  9.62431E-12
      23.119266  6.29901E-03  9.81451E-01  1.21486E-02  1.00332E-04  1.07836E-06  2.09945E-08  3.19069E-09  1.97708E-09  4.15986E-10  1.25419E-11
      23.219349  1.03615E-02  9.78527E-01  1.10301E-02  8.09163E-05  8.78329E-07  1.39504E-08  1.66955E-09  2.51383E-09  5.20326E-10  1.54745E-11
      23.319433  1.42021E-02  9.75795E-01  9.94335E-03  5.85556E-05  6.23212E-07  1.08584E-08  7.57020E-10  2.80001E-09  5.97380E-10  1.81791E-11
      23.419516  1.55172E-02  9.75221E-01  9.22265E-03  3.92337E-05  3.36223E-07  1.06752E-08  8.97420E-10  2.75841E-09  6.29723E-10  2.03107E-11
      23.519600  1.34987E-02  9.77371E-01  9.10071E-03  2.99746E-05  1.27289E-07  1.13943E-08  1.95362E-09  2.41988E-09  6.06815E-10  2.14332E-11
      23.619683  9.35351E-03  9.80969E-01  9.64118E-03  3.61067E-05  1.45485E-07  1.41192E-08  3.62091E-09  1.88582E-09  5.31842E-10  2.12323E-11
      23.719766  5.58925E-03  9.83660E-01  1.06927E-02  5.77077E-05  4.41232E-07  2.18808E-08  5.80939E-09  1.28081E-09  4.25007E-10  1.97742E-11
      23.819850  4.49232E-03  9.83518E-01  1.19012E-02  8.76812E-05  9.00369E-07  3.44297E-08  8.38227E-09  7.42274E-10  3.17671E-10  1.75335E-11
      23.919933  6.73843E-03  9.80329E-01  1.28180E-02  1.13651E-04  1.32010E-06  4.60574E-08  1.05988E-08  4.24704E-10  2.38974E-10  1.51226E-11
      24.020017  1.09808E-02  9.75815E-01  1.30785E-02  1.23799E-04  1.53158E-06  4.99612E-08  1.12374E-08  4.59213E-10  2.04247E-10  1.29856E-11
      24.120100  1.46520E-02  9.72669E-01  1.25644E-02  1.13464E-04  1.46243E-06  4.42218E-08  9.61661E-09  8.67310E-10  2.12476E-10  1.13098E-11
      24.220183  1.54966E-02  9.72948E-01  1.14659E-02  8.77917E-05  1.14221E-06  3.26506E-08  6.42705E-09  1.51104E-09  2.50921E-10  1.01177E-11
      24.320267  1.29326E-02  9.76790E-01  1.02185E-02  5.84726E-05  6.94173E-07  2.06963E-08  3.29205E-09  2.14888E-09  3.00848E-10  9.35609E-12
      24.420350  8.43008E-03  9.82193E-01  9.33913E-03  3.73598E-05  3.03577E-07  1.19252E-08  1.46330E-09  2.56348E-09  3.42449E-10  8.92898E-12
      24.520434  4.64857E-03  9.86114E-01  9.20616E-03  3.15843E-05  1.35093E-07  7.84113E-09  1.09921E-09  2.65535E-09  3.60781E-10  8.74593E-12
      24.620517  3.82756E-03  9.86258E-01  9.87180E-03  4.21264E-05  2.40103E-07  8.88949E-09  1.77140E-09  2.44029E-09  3.51837E-10  8.80971E-12
      24.720601  6.41922E-03  9.82494E-01  1.10216E-02  6.44565E-05  5.38840E-07  1.45553E-08  3.27924E-09  1.99266E-09  3.23914E-10  9.23850E-12
      24.820684  1.08179E-02  9.76961E-01  1.21303E-02  8.99016E-05  8.90812E-07  2.33528E-08  5.62041E-09  1.41395E-09  2.92165E-10  1.01605E-11
      24.920767  1.43437E-02  9.72821E-01  1.27256E-02  1.08318E-04  1.17183E-06  3.32912E-08  8.30886E-09  8.39794E-10  2.70837E-10  1.15874E-11
      25.020851  1.48612E-02  9.72424E-01  1.26011E-02  1.12206E-04  1.29731E-06  4.16449E-08  1.02047E-08  4.32546E-10  2.68796E-10  1.33898E-11
      25.120934  1.20601E-02  9.75956E-01  1.18826E-02  1.00219E-04  1.21987E-06  4.45812E-08  1.02999E-08  3.23788E-10  2.89026E-10  1.53536E-11
      25.221018  7.64459E-03  9.81333E-01  1.09432E-02  7.78322E-05  9.47657E-07  3.92145E-08  8.59133E-09  5.40203E-10  3.29149E-10  1.72281E-11
      25.321101  4.31332E-03  9.85414E-01  1.02170E-02  5.49182E-05  5.72232E-07  2.72722E-08  6.03846E-09  9.82182E-10  3.81046E-10  1.87254E-11
      25.421184  4.12372E-03  9.85845E-01  9.98947E-03  4.13311E-05  2.54396E-07  1.52038E-08  3.71458E-09  1.48188E-09  4.30783E-10  1.95183E-11
      25.521268  7.23117E-03  9.82454E-01  1.02726E-02  4.21441E-05  1.44303E-07  8.85551E-09  2.11748E-09  1.88946E-09  4.61574E-10  1.93288E-11
      25.621351  1.17881E-02  9.77319E-01  1.08379E-02  5.49989E-05  2.82558E-07  8.75553E-09  1.24863E-09  2.11568E-09  4.60328E-10  1.81127E-11
      25.721435  1.50697E-02  9.73483E-01  1.13748E-02  7.18450E-05  5.68807E-07  1.20615E-08  1.13162E-09  2.11972E-09  4.24706E-10  1.62102E-11
      25.821518  1.51282E-02  9.73124E-01  1.16625E-02  8.43113E-05  8.36683E-07  1.76690E-08  2.05124E-09  1.89372E-09  3.66924E-10  1.43457E-11
      25.921601  1.19677E-02  9.76284E-01  1.16583E-02  8.85920E-05  9.70825E-07  2.63924E-08  4.20638E-09  1.48694E-09  3.12470E-10  1.34855E-11
      26.021685  7.53898E-03  9.80894E-01  1.14800E-02  8.62139E-05  9.61311E-07  3.63130E-08  7.15108E-09  1.04415E-09  2.93516E-10  1.45948E-11
      26.121768  4.55983E-03  9.84049E-01  1.13094E-02  8.09691E-05  8.63956E-07  4.15964E-08  9.70628E-09  7.85461E-10  3.38085E-10  1.83368E-11
      26.221852  4.86664E-03  9.83784E-01  1.12729E-02  7.54197E-05  7.28454E-07  3.79757E-08  1.06439E-08  8.96285E-10  4.58509E-10  2.48236E-11
      26.321935  8.29316E-03  9.80266E-01  1.13701E-02  6.99345E-05  5.70013E-07  2.76189E-08  9.62817E-09  1.40188E-09  6.44032E-10  3.35129E-11
      26.422018  1.27647E-02  9.75674E-01  1.14965E-02  6.43229E-05  3.98962E-07  1.67787E-08  7.45492E-09  2.14407E-09  8.60592E-10  4.32249E-11
      26.522102  1.55550E-02  9.72847E-01  1.15385E-02  5.98190E-05  2.59362E-07  9.84787E-09  5.27623E-09  2.88206E-09  1.05811E-09  5.22547E-11
      26.622185  1.49403E-02  9.73531E-01  1.14694E-02  5.91932E-05  2.24604E-07  7.22785E-09  3.69215E-09  3.41287E-09  1.18429E-09  5.86925E-11
      26.722269  1.12494E-02  9.77306E-01  1.13801E-02  6.46984E-05  3.50741E-07  7.90065E-09  2.76180E-09  3.61093E-09  1.20230E-09  6.10380E-11
      26.822352  6.67228E-03  9.81830E-01  1.14217E-02  7.57313E-05  6.28931E-07  1.20994E-08  2.72748E-09  3.40783E-09  1.10626E-09  5.88786E-11
      26.922435  3.94072E-03  9.84274E-01  1.16957E-02  8.85446E-05  9.69544E-07  2.11015E-08  4.22095E-09  2.80500E-09  9.25240E-10  5.31128E-11
      27.022519  4.67512E-03  9.83064E-01  1.21616E-02  9.83425E-05  1.23007E-06  3.48058E-08  7.42898E-09  1.93891E-09  7.11381E-10  4.54612E-11
      27.122602  8.40513E-03  9.78854E-01  1.26378E-02  1.01749E-04  1.28686E-06  4.93102E-08  1.12758E-08  1.09968E-09  5.20073E-10  3.77094E-11
