# population in each right-qubit level over  time for $\ket{\Psi(t=0)} = \ket{11}$ (integrated over all cavity levels)
#        t [ns]            0            1            2            3            4            5            6            7            8            9
       0.000000  0.00000E+00  1.00000E+00  0.00000E+00  0.00000E+00  0.00000E+00  0.00000E+00  0.00000E+00  0.00000E+00  0.00000E+00  0.00000E+00
       0.100083  1.83936E-03  9.98159E-01  1.83924E-06  8.17508E-21  1.21991E-35  1.01642E-50  5.73284E-66  2.41609E-81  8.07005E-97  0.00000E+00
       0.200167  6.27351E-03  9.93699E-01  2.76959E-05  1.93291E-17  4.56217E-30  6.04982E-43  5.45839E-56  3.69407E-69  1.98653E-82  8.81027E-96
       0.300250  1.06991E-02  9.89174E-01  1.26983E-04  2.27609E-15  1.39596E-26  4.85233E-38  1.15400E-49  2.06342E-61  2.92888E-73  3.41409E-85
       0.400334  1.25498E-02  9.87100E-01  3.50261E-04  6.78224E-14  4.55157E-24  1.74635E-34  4.60386E-45  9.12157E-56  1.42738E-66  1.81678E-77
       0.500417  1.08249E-02  9.88456E-01  7.19008E-04  8.86016E-13  3.84119E-22  9.61254E-32  1.65883E-41  2.14569E-51  2.17276E-61  1.76355E-71
       0.600500  6.66881E-03  9.92126E-01  1.20484E-03  6.50388E-12  1.25932E-20  1.42500E-29  1.11686E-38  6.53545E-48  2.95813E-57  1.05283E-66
       0.700584  2.65453E-03  9.95618E-01  1.72749E-03  3.06892E-11  2.00849E-19  7.81969E-28  2.12402E-36  4.29105E-45  6.61076E-54  7.82599E-63
       0.800667  1.21368E-03  9.96608E-01  2.17882E-03  1.01267E-10  1.80081E-18  1.95683E-26  1.50294E-34  8.57203E-43  3.67278E-51  1.17859E-59
       0.900751  3.16752E-03  9.94363E-01  2.46936E-03  2.48895E-10  1.01230E-17  2.61967E-25  4.90176E-33  6.83561E-41  7.06442E-49  5.32548E-57
       1.000834  7.24323E-03  9.90181E-01  2.57544E-03  4.84340E-10  3.94247E-17  2.16422E-24  8.90912E-32  2.76565E-39  6.29940E-47  1.02054E-54
       1.100917  1.08591E-02  9.86581E-01  2.56032E-03  8.05159E-10  1.18554E-16  1.27006E-23  1.07531E-30  7.01416E-38  3.33770E-45  1.10343E-52
       1.201001  1.17026E-02  9.85738E-01  2.55930E-03  1.26648E-09  3.11832E-16  6.07339E-23  1.00071E-29  1.31053E-36  1.24858E-43  8.07517E-51
       1.301084  9.15176E-03  9.88110E-01  2.73799E-03  2.10813E-09  8.17524E-16  2.67788E-22  8.02544E-29  1.99399E-35  3.60346E-42  4.31436E-49
       1.401168  4.67567E-03  9.92087E-01  3.23690E-03  3.94950E-09  2.34881E-15  1.19891E-21  5.99450E-28  2.62038E-34  8.36842E-41  1.72603E-47
       1.501251  9.60132E-04  9.94926E-01  4.11351E-03  8.05761E-09  7.41297E-15  5.68044E-21  4.37884E-27  3.10553E-33  1.62616E-39  5.36345E-46
       1.601334  2.80768E-04  9.94417E-01  5.30185E-03  1.64057E-08  2.36031E-14  2.73704E-20  3.14393E-26  3.41050E-32  2.76372E-38  1.38084E-44
       1.701418  3.11781E-03  9.90264E-01  6.61774E-03  3.09756E-08  6.88832E-14  1.22938E-19  2.12513E-25  3.46173E-31  4.22704E-37  3.13215E-43
       1.801501  7.85877E-03  9.84322E-01  7.81941E-03  5.24624E-08  1.74911E-13  4.81904E-19  1.28278E-24  3.17595E-30  5.84317E-36  6.43271E-42
       1.901585  1.17620E-02  9.79542E-01  8.69620E-03  7.98638E-08  3.84464E-13  1.61722E-18  6.73679E-24  2.58649E-29  7.23988E-35  1.19027E-40
       2.001668  1.25893E-02  9.78268E-01  9.14222E-03  1.12073E-07  7.50162E-13  4.70486E-18  3.07414E-23  1.85276E-28  7.92173E-34  1.93470E-39
       2.101751  9.92905E-03  9.80879E-01  9.19156E-03  1.50136E-07  1.35177E-12  1.21590E-17  1.22630E-22  1.15679E-27  7.48409E-33  2.66118E-38
       2.201835  5.43081E-03  9.85553E-01  9.01583E-03  1.97864E-07  2.34389E-12  2.87115E-17  4.30406E-22  6.23129E-27  5.96142E-32  2.98830E-37
       2.301918  1.81283E-03  9.89303E-01  8.88382E-03  2.60986E-07  4.02528E-12  6.38608E-17  1.34446E-21  2.88723E-26  3.95619E-31  2.69267E-36
       2.402002  1.22752E-03  9.89693E-01  9.07936E-03  3.46670E-07  6.89079E-12  1.37239E-16  3.81611E-21  1.16507E-25  2.21022E-30  1.97269E-35
       2.502085  3.96185E-03  9.86242E-01  9.79563E-03  4.62254E-07  1.16008E-11  2.87420E-16  1.01005E-20  4.21075E-25  1.07488E-29  1.22687E-34
       2.602168  8.27005E-03  9.80674E-01  1.10550E-02  6.11010E-07  1.87926E-11  5.81183E-16  2.54813E-20  1.41237E-24  4.76638E-29  6.87266E-34
       2.702252  1.14506E-02  9.75851E-01  1.26972E-02  7.90909E-07  2.87985E-11  1.11593E-15  6.19792E-20  4.53440E-24  2.00967E-28  3.65414E-33
       2.802335  1.15042E-02  9.74063E-01  1.44321E-02  1.00657E-06  4.17474E-11  2.00291E-15  1.44954E-19  1.41409E-23  8.23167E-28  1.89217E-32
       2.902419  8.34975E-03  9.75722E-01  1.59265E-02  1.28743E-06  5.88770E-11  3.32418E-15  3.19422E-19  4.25090E-23  3.25918E-27  9.48186E-32
       3.002502  3.86649E-03  9.79234E-01  1.68982E-02  1.68338E-06  8.56827E-11  5.15753E-15  6.40633E-19  1.19820E-22  1.21647E-26  4.46820E-31
       3.102585  7.57959E-04  9.82030E-01  1.72101E-02  2.22239E-06  1.35414E-10  8.07292E-15  1.13640E-18  3.05812E-22  4.15334E-26  1.91732E-30
       3.202669  9.31089E-04  9.82129E-01  1.69368E-02  2.86573E-06  2.27075E-10  1.45858E-14  1.83834E-18  6.91725E-22  1.27513E-25  7.37490E-30
       3.302752  4.34806E-03  9.79290E-01  1.63581E-02  3.51953E-06  3.73986E-10  3.08711E-14  3.21618E-18  1.41180E-21  3.55608E-25  2.57528E-29
       3.402836  9.02958E-03  9.75101E-01  1.58652E-02  4.10523E-06  5.72302E-10  6.66490E-14  7.40854E-18  2.82952E-21  9.39073E-25  8.47973E-29
       3.502919  1.22234E-02  9.71952E-01  1.58202E-02  4.61976E-06  8.02715E-10  1.32596E-13  2.04151E-17  6.40696E-21  2.50244E-24  2.75955E-28
       3.603003  1.20554E-02  9.71502E-01  1.64371E-02  5.13836E-06  1.04069E-09  2.36289E-13  5.53202E-17  1.75923E-20  7.13562E-24  9.20579E-28
       3.703086  8.66223E-03  9.73615E-01  1.77166E-02  5.79458E-06  1.26351E-09  3.74410E-13  1.35407E-16  5.37358E-20  2.20584E-23  3.17955E-27
       3.803169  4.10054E-03  9.76454E-01  1.94386E-02  6.78005E-06  1.46659E-09  5.18018E-13  2.90197E-16  1.60948E-19  7.05996E-23  1.11162E-26
       3.903253  1.08742E-03  9.77692E-01  2.12124E-02  8.32686E-06  1.71987E-09  6.05434E-13  5.28565E-16  4.36770E-19  2.18671E-22  3.77941E-26
       4.003336  1.35946E-03  9.76033E-01  2.25965E-02  1.06023E-05  2.25453E-09  5.92147E-13  7.81219E-16  1.03034E-18  6.23193E-22  1.20856E-25
       4.103420  4.65218E-03  9.72076E-01  2.32582E-02  1.35534E-05  3.48048E-09  6.06143E-13  8.64536E-16  2.05817E-18  1.59222E-21  3.57576E-25
       4.203503  8.89259E-03  9.67991E-01  2.30996E-02  1.68618E-05  5.83014E-09  1.15264E-12  6.16119E-16  3.39374E-18  3.61235E-21  9.75172E-25
       4.303586  1.14626E-02  9.66230E-01  2.22869E-02  2.01041E-05  9.49948E-09  3.18049E-12  3.82147E-16  4.47985E-18  7.30004E-21  2.46237E-24
       4.403670  1.07784E-02  9.68018E-01  2.11804E-02  2.30035E-05  1.43111E-08  7.86089E-12  1.90125E-15  4.82435E-18  1.35593E-20  5.87145E-24
       4.503753  7.25678E-03  9.72500E-01  2.02172E-02  2.55694E-05  1.98088E-08  1.61264E-11  9.33672E-15  6.69020E-18  2.56220E-20  1.38829E-23
       4.603837  3.08129E-03  9.77108E-01  1.97828E-02  2.80179E-05  2.54279E-08  2.81221E-11  2.98128E-14  2.19857E-17  5.75209E-20  3.46825E-23
       4.703920  8.81830E-04  9.78999E-01  2.00888E-02  3.05161E-05  3.05028E-08  4.26356E-11  7.24853E-14  8.41406E-17  1.55957E-19  9.30370E-23
       4.804003  2.11748E-03  9.76759E-01  2.10903E-02  3.29245E-05  3.41284E-08  5.65812E-11  1.45239E-13  2.63132E-16  4.42582E-19  2.55830E-22
       4.904087  6.16552E-03  9.71307E-01  2.24921E-02  3.48219E-05  3.52815E-08  6.50710E-11  2.48782E-13  6.80279E-16  1.18718E-18  6.87169E-22
       5.004170  1.06877E-02  9.65418E-01  2.38585E-02  3.59677E-05  3.35690E-08  6.30658E-11  3.69427E-13  1.51592E-15  2.92924E-18  1.76635E-21
       5.104254  1.30382E-02  9.62154E-01  2.47707E-02  3.68911E-05  3.02371E-08  4.87297E-11  4.74326E-13  2.98629E-15  6.63289E-18  4.30760E-21
       5.204337  1.18401E-02  9.63164E-01  2.49567E-02  3.89374E-05  2.85929E-08  2.68015E-11  5.16029E-13  5.24051E-15  1.37179E-17  9.83427E-21
       5.304420  7.79130E-03  9.67808E-01  2.43570E-02  4.34628E-05  3.35080E-08  1.00772E-11  4.54702E-13  8.14599E-15  2.56053E-17  2.06003E-20
       5.404504  3.24265E-03  9.73571E-01  2.31351E-02  5.07641E-05  5.01229E-08  1.88559E-11  3.00513E-13  1.10487E-14  4.25084E-17  3.88349E-20
       5.504587  8.09966E-04  9.77497E-01  2.16332E-02  5.97826E-05  8.16812E-08  7.87763E-11  1.64484E-13  1.27489E-14  6.19904E-17  6.52578E-20
       5.604671  1.82989E-03  9.77832E-01  2.02692E-02  6.89083E-05  1.27272E-07  2.15774E-10  2.96580E-13  1.19192E-14  7.87069E-17  9.83293E-20
       5.704754  5.57331E-03  9.74953E-01  1.93966E-02  7.69678E-05  1.81303E-07  4.47317E-10  1.09927E-12  7.98289E-15  8.64658E-17  1.36063E-19
       5.804837  9.70145E-03  9.71024E-01  1.91909E-02  8.33388E-05  2.34733E-07  7.72176E-10  3.12415E-12  2.46360E-15  8.33070E-17  1.81595E-19
       5.904921  1.17022E-02  9.68598E-01  1.96118E-02  8.74303E-05  2.76166E-07  1.15926E-09  7.04713E-12  1.28567E-15  8.31680E-17  2.57400E-19
       6.005004  1.04254E-02  9.69049E-01  2.04369E-02  8.86347E-05  2.93189E-07  1.53350E-09  1.35380E-11  1.87011E-14  1.42139E-16  4.41786E-19
       6.105088  6.76469E-03  9.71819E-01  2.13293E-02  8.70575E-05  2.76740E-07  1.76854E-09  2.28622E-11  8.18827E-14  4.02028E-16  9.39007E-19
       6.205171  3.07766E-03  9.74919E-01  2.19188E-02  8.40747E-05  2.28874E-07  1.71754E-09  3.41846E-11  2.31281E-13  1.12925E-15  2.16205E-18
       6.305254  1.72385E-03  9.76296E-01  2.18986E-02  8.17610E-05  1.68753E-07  1.30844E-09  4.50350E-11  5.09086E-13  2.69855E-15  4.76696E-18
       6.405338  3.62633E-03  9.75164E-01  2.11284E-02  8.15185E-05  1.28371E-07  6.65059E-10  5.18678E-11  9.33568E-13  5.48140E-15  9.58976E-18
       6.505421  7.71361E-03  9.72507E-01  1.96961E-02  8.32860E-05  1.35771E-07  1.33034E-10  5.21775E-11  1.47095E-12  9.65558E-15  1.74826E-17
       6.605505  1.15578E-02  9.70460E-01  1.78955E-02  8.61496E-05  1.97857E-07  1.28100E-10  4.70713E-11  2.02359E-12  1.49827E-14  2.89960E-17
       6.705588  1.28284E-02  9.70953E-01  1.61284E-02  8.96176E-05  2.98796E-07  9.03272E-10  4.23616E-11  2.44337E-12  2.05840E-14  4.37437E-17
       6.805671  1.07069E-02  9.74416E-01  1.47822E-02  9.42043E-05  4.13659E-07  2.42156E-09  4.74516E-11  2.56990E-12  2.48450E-14  5.95672E-17
       6.905755  6.40801E-03  9.79369E-01  1.41221E-02  1.00790E-04  5.21201E-07  4.38107E-09  7.28302E-11  2.29636E-12  2.58273E-14  7.26054E-17
       7.005838  2.46826E-03  9.83214E-01  1.42077E-02  1.09310E-04  6.05229E-07  6.28480E-09  1.26749E-10  1.66016E-12  2.24834E-14  7.98061E-17
       7.105922  1.21682E-03  9.83811E-01  1.48538E-02  1.17840E-04  6.50781E-07  7.51144E-09  2.10642E-10  9.23249E-13  1.61859E-14  8.32958E-17
       7.206005  3.37403E-03  9.80828E-01  1.56738E-02  1.23058E-04  6.46938E-07  7.50439E-09  3.13844E-10  5.82044E-13  1.14775E-14  9.33988E-17
       7.306088  7.64223E-03  9.76019E-01  1.62163E-02  1.22189E-04  5.96658E-07  6.13026E-09  4.11602E-10  1.26247E-12  1.56177E-14  1.28861E-16
       7.406172  1.15160E-02  9.72232E-01  1.61364E-02  1.15045E-04  5.21208E-07  3.94074E-09  4.71658E-10  3.49839E-12  3.73945E-14  2.16411E-16
       7.506255  1.27883E-02  9.71794E-01  1.53126E-02  1.04298E-04  4.50415E-07  1.96577E-09  4.69564E-10  7.43525E-12  8.50387E-14  3.89453E-16
       7.606339  1.08443E-02  9.75194E-01  1.38677E-02  9.36173E-05  4.06800E-07  1.08293E-09  4.04242E-10  1.25760E-11  1.62235E-13  6.79405E-16
       7.706422  6.99569E-03  9.80806E-01  1.21127E-02  8.54932E-05  3.98592E-07  1.49333E-09  3.02036E-10  1.77806E-11  2.63205E-13  1.09567E-15
       7.806505  3.67239E-03  9.85804E-01  1.04422E-02  8.07356E-05  4.24717E-07  2.75563E-09  2.04641E-10  2.16559E-11  3.71484E-13  1.60759E-15
       7.906589  2.94667E-03  9.87767E-01  9.20663E-03  7.95414E-05  4.82811E-07  4.26218E-09  1.49820E-10  2.31352E-11  4.65867E-13  2.15251E-15
       8.006672  5.27264E-03  9.86047E-01  8.59777E-03  8.21042E-05  5.71435E-07  5.65725E-09  1.59802E-10  2.18204E-11  5.29586E-13  2.66927E-15
       8.106756  9.21504E-03  9.82094E-01  8.60290E-03  8.76588E-05  6.82735E-07  6.89976E-09  2.42181E-10  1.79392E-11  5.55640E-13  3.12738E-15
       8.206839  1.23410E-02  9.78521E-01  9.04397E-03  9.34937E-05  7.90790E-07  8.08412E-09  3.94207E-10  1.22224E-11  5.48199E-13  3.53859E-15
       8.306922  1.27186E-02  9.77522E-01  9.66272E-03  9.59312E-05  8.51376E-07  9.20827E-09  6.01392E-10  6.02611E-12  5.25942E-13  3.97269E-15
       8.407006  1.00924E-02  9.79619E-01  1.01952E-02  9.27489E-05  8.22901E-07  9.96234E-09  8.32444E-10  1.57060E-12  5.27800E-13  4.58603E-15
       8.507089  6.02306E-03  9.83476E-01  1.04158E-02  8.45678E-05  6.97131E-07  9.71469E-09  1.03950E-09  1.77649E-12  6.11820E-13  5.62635E-15
       8.607173  2.93454E-03  9.86821E-01  1.01702E-02  7.38146E-05  5.14575E-07  7.96206E-09  1.17061E-09  9.31104E-12  8.37556E-13  7.36922E-15
       8.707256  2.66166E-03  9.87859E-01  9.41605E-03  6.24826E-05  3.44127E-07  5.03496E-09  1.19401E-09  2.51627E-11  1.23456E-12  9.98282E-15
       8.807339  5.37018E-03  9.86323E-01  8.25576E-03  5.10934E-05  2.35590E-07  2.20157E-09  1.12183E-09  4.77447E-11  1.77284E-12  1.33553E-14
       8.907423  9.47587E-03  9.83554E-01  6.93024E-03  3.97409E-05  1.89988E-07  7.60388E-10  1.01099E-09  7.33017E-11  2.35202E-12  1.69443E-14
       9.007506  1.25996E-02  9.81610E-01  5.76058E-03  2.96599E-05  1.80632E-07  1.09357E-09  9.33796E-10  9.72322E-11  2.81545E-12  1.97383E-14
       9.107590  1.29915E-02  9.81927E-01  5.05792E-03  2.33200E-05  1.94796E-07  2.79815E-09  9.45395E-10  1.15213E-10  2.99136E-12  2.04770E-14
       9.207673  1.05716E-02  9.84377E-01  5.02806E-03  2.28497E-05  2.40320E-07  5.42209E-09  1.07946E-09  1.23718E-10  2.76584E-12  1.82941E-14
       9.307756  6.95173E-03  9.87333E-01  5.68707E-03  2.82430E-05  3.13384E-07  8.54185E-09  1.36122E-09  1.20647E-10  2.16626E-12  1.35692E-14
       9.407840  4.42164E-03  9.88726E-01  6.81560E-03  3.68397E-05  3.76907E-07  1.11996E-08  1.79647E-09  1.06708E-10  1.38535E-12  8.11248E-15
       9.507923  4.54085E-03  9.87414E-01  8.00037E-03  4.45326E-05  3.84678E-07  1.20171E-08  2.32984E-09  8.66916E-11  6.94990E-13  4.07737E-15
       9.608007  7.21114E-03  9.83956E-01  8.78436E-03  4.79524E-05  3.28236E-07  1.04801E-08  2.83294E-09  6.86571E-11  3.11678E-13  2.57645E-15
       9.708090  1.07761E-02  9.80312E-01  8.86572E-03  4.61236E-05  2.51000E-07  7.88853E-09  3.18003E-09  6.04327E-11  3.29640E-13  3.55340E-15
       9.808173  1.30462E-02  9.78679E-01  8.23444E-03  4.04251E-05  2.07299E-07  6.36184E-09  3.36358E-09  6.59028E-11  7.43277E-13  6.78541E-15
       9.908257  1.26193E-02  9.80170E-01  7.17758E-03  3.32059E-05  2.09296E-07  6.76997E-09  3.52094E-09  8.45132E-11  1.48080E-12  1.23848E-14
      10.008340  9.72425E-03  9.84085E-01  6.16431E-03  2.66475E-05  2.21295E-07  8.04149E-09  3.81692E-09  1.14754E-10  2.40856E-12  1.99262E-14
      10.108424  6.09162E-03  9.88223E-01  5.66236E-03  2.28206E-05  2.05287E-07  8.53254E-09  4.28359E-09  1.58348E-10  3.37054E-12  2.74966E-14
      10.208507  3.91486E-03  9.90115E-01  5.94623E-03  2.40162E-05  1.66041E-07  7.61677E-09  4.77688E-09  2.20438E-10  4.32710E-12  3.29463E-14
      10.308590  4.52283E-03  9.88469E-01  6.97638E-03  3.18371E-05  1.50111E-07  5.85075E-09  5.09485E-09  3.04477E-10  5.50355E-12  3.71376E-14
      10.408674  7.58531E-03  9.83945E-01  8.42397E-03  4.54324E-05  2.02953E-07  4.17708E-09  5.13740E-09  4.05988E-10  7.34301E-12  4.54001E-14
      10.508757  1.13353E-02  9.78767E-01  9.83650E-03  6.12415E-05  3.31647E-07  3.43547E-09  4.96053E-09  5.10623E-10  1.01782E-11  6.42274E-14
      10.608841  1.36418E-02  9.75439E-01  1.08430E-02  7.53559E-05  5.14262E-07  4.40786E-09  4.71562E-09  5.97661E-10  1.37930E-11  9.50376E-14
      10.708924  1.32616E-02  9.75363E-01  1.12887E-02  8.63771E-05  7.38355E-07  7.88679E-09  4.59176E-09  6.45816E-10  1.71963E-11  1.30040E-13
      10.809008  1.05382E-02  9.78105E-01  1.12601E-02  9.59624E-05  1.01271E-06  1.46007E-08  4.84360E-09  6.38597E-10  1.88917E-11  1.54730E-13
      10.909091  7.16386E-03  9.81703E-01  1.10252E-02  1.06855E-04  1.33452E-06  2.49713E-08  5.83412E-09  5.70024E-10  1.76543E-11  1.57208E-13
      11.009174  5.15698E-03  9.83805E-01  1.09157E-02  1.20552E-04  1.65575E-06  3.83180E-08  7.93471E-09  4.53103E-10  1.34049E-11  1.37713E-13
      11.109258  5.65601E-03  9.83015E-01  1.11905E-02  1.36560E-04  1.89887E-06  5.16940E-08  1.12293E-08  3.29391E-10  7.61707E-12  1.10402E-13
      11.209341  8.25531E-03  9.79653E-01  1.19359E-02  1.53371E-04  2.01829E-06  6.00679E-08  1.52045E-08  2.71069E-10  3.12532E-12  9.81679E-14
      11.309425  1.12886E-02  9.75483E-01  1.30568E-02  1.69901E-04  2.04798E-06  5.92343E-08  1.87436E-08  3.65480E-10  3.66862E-12  1.28796E-13
      11.409508  1.28744E-02  9.72590E-01  1.43473E-02  1.86204E-04  2.08529E-06  4.95815E-08  2.05746E-08  6.80347E-10  1.32885E-11  2.35474E-13
      11.509591  1.20651E-02  9.72146E-01  1.55834E-02  2.03278E-04  2.23120E-06  3.69079E-08  1.99388E-08  1.22206E-09  3.51105E-11  4.52815E-13
      11.609675  9.39938E-03  9.73787E-01  1.65884E-02  2.22517E-04  2.54968E-06  2.92499E-08  1.70301E-08  1.91037E-09  6.91701E-11  7.96670E-13
      11.709758  6.55426E-03  9.75927E-01  1.72705E-02  2.45304E-04  3.07203E-06  3.27692E-08  1.29495E-08  2.58940E-09  1.10284E-10  1.23279E-12
      11.809842  5.32869E-03  9.76748E-01  1.76472E-02  2.72599E-04  3.81316E-06  4.99767E-08  9.31820E-09  3.07410E-09  1.48188E-10  1.66555E-12
      11.909925  6.56664E-03  9.75276E-01  1.78486E-02  3.04086E-04  4.75457E-06  8.01863E-08  7.88241E-09  3.20842E-09  1.71142E-10  1.97496E-12
      12.010008  9.64547E-03  9.71930E-01  1.80817E-02  3.37254E-04  5.79209E-06  1.19815E-07  1.02121E-08  2.91344E-09  1.71318E-10  2.08434E-12
      12.110092  1.28339E-02  9.68230E-01  1.85612E-02  3.67838E-04  6.70856E-06  1.61774E-07  1.72836E-08  2.22334E-09  1.48842E-10  2.00800E-12
      12.210175  1.43180E-02  9.65848E-01  1.94337E-02  3.92367E-04  7.24439E-06  1.95970E-07  2.88140E-08  1.31432E-09  1.12908E-10  1.85245E-12
      12.310259  1.32837E-02  9.65577E-01  2.07210E-02  4.11098E-04  7.25681E-06  2.12481E-07  4.27052E-08  5.09546E-10  8.03788E-11  1.78510E-12
      12.410342  1.03900E-02  9.66885E-01  2.22897E-02  4.28255E-04  6.85239E-06  2.05983E-07  5.52514E-08  2.20655E-10  7.22465E-11  1.99101E-12
      12.510425  7.34732E-03  9.68336E-01  2.38609E-02  4.48792E-04  6.37474E-06  1.78853E-07  6.23959E-08  8.06008E-10  1.07601E-10  2.62344E-12
      12.610509  5.88482E-03  9.68545E-01  2.50891E-02  4.74486E-04  6.23828E-06  1.41680E-07  6.15404E-08  2.39184E-09  1.95647E-10  3.74630E-12
      12.710592  6.75221E-03  9.67029E-01  2.57083E-02  5.03245E-04  6.72326E-06  1.10753E-07  5.29042E-08  4.75756E-09  3.28656E-10  5.27640E-12
      12.810676  9.33048E-03  9.64451E-01  2.56781E-02  5.32194E-04  7.87854E-06  1.02719E-07  3.96913E-08  7.36373E-09  4.79937E-10  6.95445E-12
      12.910759  1.20343E-02  9.62164E-01  2.52309E-02  5.60901E-04  9.56229E-06  1.28575E-07  2.71366E-08  9.51229E-09  6.09374E-10  8.38375E-12
      13.010842  1.32529E-02  9.61352E-01  2.47923E-02  5.91126E-04  1.15049E-05  1.89864E-07  2.10593E-08  1.05627E-08  6.76019E-10  9.15697E-12
      13.110926  1.23003E-02  9.62241E-01  2.48210E-02  6.23913E-04  1.33136E-05  2.77399E-07  2.63267E-08  1.01372E-08  6.54481E-10  9.04802E-12
      13.211009  9.82439E-03  9.63868E-01  2.56354E-02  6.57659E-04  1.45088E-05  3.71380E-07  4.51522E-08  8.28362E-09  5.49294E-10  8.18467E-12
      13.311093  7.40437E-03  9.64625E-01  2.72665E-02  6.88838E-04  1.47078E-05  4.44298E-07  7.53800E-08  5.55358E-09  3.99402E-10  7.07504E-12
      13.411176  6.56764E-03  9.63313E-01  2.93910E-02  7.13934E-04  1.38905E-05  4.69888E-07  1.09801E-07  2.92013E-09  2.67575E-10  6.42637E-12
      13.511259  7.85106E-03  9.59986E-01  3.14188E-02  7.30714E-04  1.25077E-05  4.37068E-07  1.37868E-07  1.48848E-09  2.18235E-10  6.85832E-12
      13.611343  1.05009E-02  9.56010E-01  3.27387E-02  7.38714E-04  1.12770E-05  3.59573E-07  1.49920E-07  2.07332E-09  2.94308E-10  8.68580E-12
      13.711426  1.29577E-02  9.53292E-01  3.29995E-02  7.39825E-04  1.08008E-05  2.71289E-07  1.41846E-07  4.83231E-09  5.01514E-10  1.18302E-11
      13.811510  1.37830E-02  9.53204E-01  3.22622E-02  7.39026E-04  1.13170E-05  2.09012E-07  1.17294E-07  9.14186E-09  8.01791E-10  1.57891E-11
      13.911593  1.24834E-02  9.55799E-01  3.09602E-02  7.44205E-04  1.27313E-05  1.96076E-07  8.61437E-08  1.37803E-08  1.11672E-09  1.96450E-11
      14.011676  9.79570E-03  9.59697E-01  2.97278E-02  7.64138E-04  1.47932E-05  2.37470E-07  6.05996E-08  1.73414E-08  1.34628E-09  2.22421E-11
      14.111760  7.27801E-03  9.62724E-01  2.91761E-02  8.04533E-04  1.72021E-05  3.24686E-07  5.12370E-08  1.87142E-08  1.40495E-09  2.26395E-11
      14.211843  6.40456E-03  9.63047E-01  2.96650E-02  8.63168E-04  1.95828E-05  4.41891E-07  6.42687E-08  1.74606E-08  1.26190E-09  2.06541E-11
      14.311927  7.68083E-03  9.60227E-01  3.11432E-02  9.26993E-04  2.14452E-05  5.68877E-07  9.99033E-08  1.39833E-08  9.60390E-10  1.70736E-11
      14.412010  1.03390E-02  9.55512E-01  3.31508E-02  9.75161E-04  2.22653E-05  6.82512E-07  1.51550E-07  9.46453E-09  6.04218E-10  1.33431E-11
      14.512093  1.28222E-02  9.51157E-01  3.50089E-02  9.88925E-04  2.17149E-05  7.59276E-07  2.06595E-07  5.60426E-09  3.22999E-10  1.10088E-11
      14.612177  1.37357E-02  9.49182E-01  3.60983E-02  9.62602E-04  1.98898E-05  7.78842E-07  2.49745E-07  4.19454E-09  2.37189E-10  1.13018E-11
      14.712260  1.26557E-02  9.50335E-01  3.60835E-02  9.07189E-04  1.73410E-05  7.28460E-07  2.68435E-07  6.58227E-09  4.29634E-10  1.49254E-11
      14.812344  1.03297E-02  9.53802E-01  3.50089E-02  8.44055E-04  1.48621E-05  6.09320E-07  2.57851E-07  1.31454E-08  9.18148E-10  2.18498E-11
      14.912427  8.20472E-03  9.57714E-01  3.32731E-02  7.94475E-04  1.31847E-05  4.43382E-07  2.22865E-07  2.29992E-08  1.63111E-09  3.10500E-11
      15.012510  7.58068E-03  9.60136E-01  3.14974E-02  7.72636E-04  1.27653E-05  2.73843E-07  1.76125E-07  3.41338E-08  2.40489E-09  4.04315E-11
      15.112594  8.85092E-03  9.60046E-01  3.03050E-02  7.84394E-04  1.37320E-05  1.54449E-07  1.33821E-07  4.39854E-08  3.02255E-09  4.72951E-11
      15.212677  1.12556E-02  9.57819E-01  3.00808E-02  8.28004E-04  1.59263E-05  1.32852E-07  1.11377E-07  5.02103E-08  3.28820E-09  4.93482E-11
      15.312761  1.33194E-02  9.54938E-01  3.08299E-02  8.93385E-04  1.89207E-05  2.36669E-07  1.20134E-07  5.13639E-08  3.10283E-09  4.57399E-11
      15.412844  1.37458E-02  9.53065E-01  3.22046E-02  9.61905E-04  2.19999E-05  4.62440E-07  1.64683E-07  4.73233E-08  2.50505E-09  3.74939E-11
      15.512927  1.22194E-02  9.53088E-01  3.36570E-02  1.01072E-03  2.42558E-05  7.64905E-07  2.40520E-07  3.94276E-08  1.66347E-09  2.71670E-11
      15.613011  9.60330E-03  9.54726E-01  3.46229E-02  1.02125E-03  2.48969E-05  1.05629E-06  3.33063E-07  3.03053E-08  8.30139E-10  1.80124E-11
      15.713094  7.41234E-03  9.56893E-01  3.46823E-02  9.86764E-04  2.36270E-05  1.23185E-06  4.20015E-07  2.32945E-08  2.70317E-10  1.30026E-11
      15.813178  6.91452E-03  9.58460E-01  3.36878E-02  9.14731E-04  2.08101E-05  1.21917E-06  4.78049E-07  2.14450E-08  1.83647E-10  1.39680E-11
      15.913261  8.40511E-03  9.58914E-01  3.18392E-02  8.23077E-04  1.72930E-05  1.01975E-06  4.91883E-07  2.63736E-08  6.36501E-10  2.10488E-11
      16.013344  1.10492E-02  9.58559E-01  2.96433E-02  7.33177E-04  1.40200E-05  7.08662E-07  4.61214E-07  3.75008E-08  1.52800E-09  3.25665E-11
      16.113428  1.33554E-02  9.58232E-01  2.77368E-02  6.63477E-04  1.16967E-05  3.92053E-07  4.01277E-07  5.21177E-08  2.60580E-09  4.53236E-11
      16.213511  1.40237E-02  9.58694E-01  2.66453E-02  6.26096E-04  1.06615E-05  1.58018E-07  3.36723E-07  6.62988E-08  3.53505E-09  5.53485E-11
      16.313595  1.27059E-02  9.60063E-01  2.65940E-02  6.25805E-04  1.09310E-05  5.29830E-08  2.92654E-07  7.62345E-08  4.00860E-09  5.91363E-11
      16.413678  1.02261E-02  9.61664E-01  2.74382E-02  6.59344E-04  1.22852E-05  8.49839E-08  2.87057E-07  7.94384E-08  3.86445E-09  5.51363E-11
      16.513761  8.09232E-03  9.62471E-01  2.87071E-02  7.14262E-04  1.43018E-05  2.35243E-07  3.26142E-07  7.54680E-08  3.15600E-09  4.46766E-11
      16.613845  7.58260E-03  9.61881E-01  2.97494E-02  7.69313E-04  1.63652E-05  4.64884E-07  4.02134E-07  6.60189E-08  2.13012E-09  3.14808E-11
      16.713928  8.98463E-03  9.60234E-01  2.99629E-02  7.99641E-04  1.77672E-05  7.17535E-07  4.93974E-07  5.43949E-08  1.12152E-09  1.99283E-11
      16.814012  1.14525E-02  9.58701E-01  2.90405E-02  7.86836E-04  1.79636E-05  9.25590E-07  5.72792E-07  4.44778E-08  4.27940E-10  1.32887E-11
      16.914095  1.35327E-02  9.58608E-01  2.71127E-02  7.28253E-04  1.68521E-05  1.02604E-06  6.12340E-07  3.94820E-08  2.28987E-10  1.29589E-11
      17.014178  1.40181E-02  9.60622E-01  2.47047E-02  6.38612E-04  1.48198E-05  9.83650E-07  6.00031E-07  4.08941E-08  5.58566E-10  1.85827E-11
      17.114262  1.26458E-02  9.64264E-01  2.25333E-02  5.42692E-04  1.24941E-05  8.09127E-07  5.42011E-07  4.79776E-08  1.30397E-09  2.83166E-11
      17.214345  1.02557E-02  9.68029E-01  2.12387E-02  4.64654E-04  1.04163E-05  5.57700E-07  4.59175E-07  5.80618E-08  2.22198E-09  3.89921E-11
      17.314429  8.30697E-03  9.70124E-01  2.11391E-02  4.20082E-04  8.88511E-06  3.05490E-07  3.77344E-07  6.75440E-08  2.99558E-09  4.66799E-11
      17.414512  8.00752E-03  9.69487E-01  2.20845E-02  4.12509E-04  7.98589E-06  1.19352E-07  3.18000E-07  7.31878E-08  3.34396E-09  4.81119E-11
      17.514595  9.57714E-03  9.66495E-01  2.34868E-02  4.33203E-04  7.66517E-06  4.00144E-08  2.93565E-07  7.31506E-08  3.14143E-09  4.23838E-11
      17.614679  1.21094E-02  9.62869E-01  2.45495E-02  4.63853E-04  7.76663E-06  8.03735E-08  3.06676E-07  6.73982E-08  2.46940E-09  3.15768E-11
      17.714762  1.41193E-02  9.60780E-01  2.46087E-02  4.83120E-04  8.06462E-06  2.24287E-07  3.50815E-07  5.75457E-08  1.56943E-09  1.96988E-11
      17.814846  1.44280E-02  9.61672E-01  2.34148E-02  4.75639E-04  8.32614E-06  4.21724E-07  4.11375E-07  4.63558E-08  7.39900E-10  1.08430E-11
      17.914929  1.28530E-02  9.65469E-01  2.12303E-02  4.38531E-04  8.36630E-06  5.96902E-07  4.68629E-07  3.70574E-08  2.39993E-10  7.80973E-12
      18.015013  1.03154E-02  9.70569E-01  1.87252E-02  3.81312E-04  8.07037E-06  6.80199E-07  5.03769E-07  3.25241E-08  2.27450E-10  1.15393E-11
      18.115096  8.30730E-03  9.74646E-01  1.67176E-02  3.20137E-04  7.41134E-06  6.45243E-07  5.06193E-07  3.44120E-08  7.22335E-10  2.10348E-11
      18.215179  8.01395E-03  9.75859E-01  1.58485E-02  2.70737E-04  6.47858E-06  5.19949E-07  4.77860E-07  4.25680E-08  1.59428E-09  3.35833E-11
      18.315263  9.60058E-03  9.73839E-01  1.63111E-02  2.43181E-04  5.46678E-06  3.63078E-07  4.31524E-07  5.50925E-08  2.59028E-09  4.53760E-11
      18.415346  1.21058E-02  9.69883E-01  1.77667E-02  2.38908E-04  4.58557E-06  2.28574E-07  3.83857E-07  6.91143E-08  3.41376E-09  5.25940E-11
      18.515430  1.40212E-02  9.66231E-01  1.94935E-02  2.50155E-04  3.94833E-06  1.44627E-07  3.48240E-07  8.18425E-08  3.83243E-09  5.27421E-11
      18.615513  1.42002E-02  9.64845E-01  2.06879E-02  2.62920E-04  3.53361E-06  1.14602E-07  3.31548E-07  9.13139E-08  3.76580E-09  4.57205E-11
      18.715596  1.25408E-02  9.66418E-01  2.07744E-02  2.63346E-04  3.23215E-06  1.28982E-07  3.34895E-07  9.66241E-08  3.30856E-09  3.40215E-11
      18.815680  1.00461E-02  9.70094E-01  1.96124E-02  2.44390E-04  2.92286E-06  1.74972E-07  3.55072E-07  9.78435E-08  2.67873E-09  2.17322E-11
      18.915763  8.23795E-03  9.74008E-01  1.75419E-02  2.08812E-04  2.53816E-06  2.37835E-07  3.84839E-07  9.58505E-08  2.11541E-09  1.26774E-11
      19.015847  8.25991E-03  9.76315E-01  1.52552E-02  1.66967E-04  2.10205E-06  2.97446E-07  4.13785E-07  9.20632E-08  1.77668E-09  8.68993E-12
      19.115930  1.01825E-02  9.76150E-01  1.35333E-02  1.31392E-04  1.71002E-06  3.30379E-07  4.32047E-07  8.79554E-08  1.68862E-09  9.08472E-12
      19.216013  1.29312E-02  9.74004E-01  1.29505E-02  1.11696E-04  1.44716E-06  3.23455E-07  4.35636E-07  8.44884E-08  1.76513E-09  1.15927E-11
      19.316097  1.49103E-02  9.71300E-01  1.36752E-02  1.12065E-04  1.32662E-06  2.88159E-07  4.28630E-07  8.18384E-08  1.87358E-09  1.39132E-11
      19.416180  1.49627E-02  9.69470E-01  1.54343E-02  1.31345E-04  1.33166E-06  2.56785E-07  4.19332E-07  7.96649E-08  1.90297E-09  1.47898E-11
      19.516264  1.30704E-02  9.69140E-01  1.76230E-02  1.64258E-04  1.50778E-06  2.57772E-07  4.13236E-07  7.76952E-08  1.80785E-09  1.42039E-11
      19.616347  1.03622E-02  9.69931E-01  1.95018E-02  2.02274E-04  1.95548E-06  2.92481E-07  4.09006E-07  7.60982E-08  1.62353E-09  1.30099E-11
      19.716430  8.43626E-03  9.70894E-01  2.04317E-02  2.34142E-04  2.68301E-06  3.36627E-07  4.00623E-07  7.53185E-08  1.45094E-09  1.24701E-11
      19.816514  8.42199E-03  9.71232E-01  2.00936E-02  2.48011E-04  3.48527E-06  3.63049E-07  3.82933E-07  7.55543E-08  1.40776E-09  1.37831E-11
      19.916597  1.03270E-02  9.70819E-01  1.86128E-02  2.36714E-04  4.03669E-06  3.60100E-07  3.55347E-07  7.63899E-08  1.56105E-09  1.74956E-11
      20.016681  1.30288E-02  9.70237E-01  1.65255E-02  2.03663E-04  4.13638E-06  3.29411E-07  3.21424E-07  7.68819E-08  1.88034E-09  2.30509E-11
      20.116764  1.49196E-02  9.70313E-01  1.45991E-02  1.63650E-04  3.83441E-06  2.74775E-07  2.86517E-07  7.59479E-08  2.24250E-09  2.89482E-11
      20.216847  1.48588E-02  9.71413E-01  1.35880E-02  1.36213E-04  3.32189E-06  2.02285E-07  2.56523E-07  7.27306E-08  2.48318E-09  3.34819E-11
      20.316931  1.28805E-02  9.72977E-01  1.40027E-02  1.36166E-04  2.78300E-06  1.31315E-07  2.37699E-07  6.68242E-08  2.46758E-09  3.55762E-11
      20.417014  1.01966E-02  9.73705E-01  1.59276E-02  1.68275E-04  2.41702E-06  9.69584E-08  2.34986E-07  5.84758E-08  2.15887E-09  3.54575E-11
      20.517098  8.45552E-03  9.72384E-01  1.89292E-02  2.28389E-04  2.54466E-06  1.32798E-07  2.47993E-07  4.87918E-08  1.66103E-09  3.50106E-11
      20.617181  8.72355E-03  9.68828E-01  2.21378E-02  3.06833E-04  3.56066E-06  2.46879E-07  2.67782E-07  3.97116E-08  1.19926E-09  3.72932E-11
      20.717264  1.08429E-02  9.64216E-01  2.45450E-02  3.89382E-04  5.67968E-06  4.13321E-07  2.78903E-07  3.34435E-08  1.02079E-09  4.49198E-11
      20.817348  1.35479E-02  9.60574E-01  2.54108E-02  4.57542E-04  8.68008E-06  5.86513E-07  2.67302E-07  3.14351E-08  1.26124E-09  5.81782E-11
      20.917431  1.52202E-02  9.59704E-01  2.45696E-02  4.93774E-04  1.18920E-05  7.23958E-07  2.28951E-07  3.34882E-08  1.86075E-09  7.42419E-11
      21.017515  1.48300E-02  9.62170E-01  2.24933E-02  4.91630E-04  1.44920E-05  8.00144E-07  1.72637E-07  3.76979E-08  2.58009E-09  8.79841E-11
      21.117598  1.25553E-02  9.66840E-01  2.01253E-02  4.62910E-04  1.59194E-05  8.07125E-07  1.15216E-07  4.13255E-08  3.10329E-09  9.39794E-11
      21.217681  9.72836E-03  9.71256E-01  1.85646E-02  4.34337E-04  1.61267E-05  7.50801E-07  7.37402E-08  4.20722E-08  3.18302E-09  8.92024E-11
      21.317765  8.07791E-03  9.72800E-01  1.86714E-02  4.34213E-04  1.55095E-05  6.51529E-07  5.97894E-08  3.90896E-08  2.78880E-09  7.59298E-11
      21.417848  8.67021E-03  9.70131E-01  2.07060E-02  4.77100E-04  1.46290E-05  5.46019E-07  7.71239E-08  3.34029E-08  2.20876E-09  6.36428E-11
      21.517932  1.12223E-02  9.64024E-01  2.41827E-02  5.56523E-04  1.39798E-05  4.79180E-07  1.20317E-07  2.77563E-08  2.03548E-09  6.80707E-11
      21.618015  1.42664E-02  9.57010E-01  2.80582E-02  6.50351E-04  1.39285E-05  4.82450E-07  1.73812E-07  2.59099E-08  2.98979E-09  1.06479E-10
      21.718098  1.60546E-02  9.52030E-01  3.11656E-02  7.34524E-04  1.47363E-05  5.53393E-07  2.14818E-07  3.13239E-08  5.61897E-09  1.90495E-10
      21.818182  1.55999E-02  9.50922E-01  3.26658E-02  7.95110E-04  1.65394E-05  6.57937E-07  2.22664E-07  4.54186E-08  9.97997E-09  3.19055E-10
      21.918265  1.32273E-02  9.53588E-01  3.23327E-02  8.31374E-04  1.93027E-05  7.59179E-07  1.90786E-07  6.61764E-08  1.54400E-08  4.74177E-10
      22.018349  1.03679E-02  9.58143E-01  3.06140E-02  8.51021E-04  2.28275E-05  8.50428E-07  1.32605E-07  8.81210E-08  2.07160E-08  6.22442E-10
      22.118432  8.74045E-03  9.61902E-01  2.84645E-02  8.65072E-04  2.68075E-05  9.62719E-07  7.61309E-08  1.04136E-07  2.42219E-08  7.24309E-10
      22.218515  9.34898E-03  9.62757E-01  2.69754E-02  8.86796E-04  3.08759E-05  1.13909E-06  5.08860E-08  1.08442E-07  2.46583E-08  7.49332E-10
      22.318599  1.18542E-02  9.60249E-01  2.69307E-02  9.30274E-04  3.46445E-05  1.39933E-06  7.56773E-08  9.92721E-08  2.15950E-08  6.90013E-10
      22.418682  1.47390E-02  9.55702E-01  2.85160E-02  1.00282E-03  3.77479E-05  1.72518E-06  1.52652E-07  8.00801E-08  1.57653E-08  5.66685E-10
      22.518766  1.62308E-02  9.51307E-01  3.13236E-02  1.09616E-03  3.98582E-05  2.06774E-06  2.67139E-07  5.89842E-08  8.97263E-09  4.22978E-10
      22.618849  1.54141E-02  9.48765E-01  3.45894E-02  1.18790E-03  4.06962E-05  2.35441E-06  3.90749E-07  4.67779E-08  3.71744E-09  3.17657E-10
      22.718932  1.28033E-02  9.48413E-01  3.74846E-02  1.25560E-03  4.01529E-05  2.48991E-06  4.87171E-07  5.38648E-08  2.62971E-09  3.14489E-10
      22.819016  1.00130E-02  9.49305E-01  3.93491E-02  1.29137E-03  3.85308E-05  2.38033E-06  5.21737E-07  8.65322E-08  7.65324E-09  4.64036E-10
      22.919099  8.77002E-03  9.50027E-01  3.98594E-02  1.30427E-03  3.67143E-05  1.99934E-06  4.74534E-07  1.43463E-07  1.90575E-08  7.76155E-10
      23.019183  9.88562E-03  9.49639E-01  3.91268E-02  1.31002E-03  3.60026E-05  1.45632E-06  3.53446E-07  2.14042E-07  3.47642E-08  1.19933E-09
      23.119266  1.27738E-02  9.48200E-01  3.76671E-02  1.32014E-03  3.75266E-05  9.90429E-07  1.99953E-07  2.80129E-07  5.06331E-08  1.62919E-09
      23.219349  1.57663E-02  9.46639E-01  3.62118E-02  1.34035E-03  4.16110E-05  8.63815E-07  8.02938E-08  3.21748E-07  6.18436E-08  1.94850E-09
      23.319433  1.70682E-02  9.46063E-01  3.54434E-02  1.37584E-03  4.76267E-05  1.22312E-06  6.15386E-08  3.24862E-07  6.47366E-08  2.07529E-09
      23.419516  1.58448E-02  9.46874E-01  3.57900E-02  1.43384E-03  5.44119E-05  2.03188E-06  1.83253E-07  2.87636E-07  5.82550E-08  1.99364E-09
      23.519600  1.27858E-02  9.48298E-01  3.73316E-02  1.52001E-03  6.07804E-05  3.10425E-06  4.39394E-07  2.22261E-07  4.45338E-08  1.76115E-09
      23.619683  9.73143E-03  9.48787E-01  3.97787E-02  1.63165E-03  6.57520E-05  4.18276E-06  7.76716E-07  1.51851E-07  2.85638E-08  1.49752E-09
      23.719766  8.54687E-03  9.47116E-01  4.25100E-02  1.75259E-03  6.86464E-05  4.99992E-06  1.10628E-06  1.03925E-07  1.68556E-08  1.35209E-09
      23.819850  9.96835E-03  9.43373E-01  4.47281E-02  1.85408E-03  6.92655E-05  5.32713E-06  1.32518E-06  1.02169E-07  1.51889E-08  1.44914E-09
      23.919933  1.31700E-02  9.39103E-01  4.57484E-02  1.90438E-03  6.80094E-05  5.04385E-06  1.35020E-06  1.57924E-07  2.61874E-08  1.83043E-09
      24.020017  1.62847E-02  9.36465E-01  4.52943E-02  1.88467E-03  6.56590E-05  4.21365E-06  1.15806E-06  2.63814E-07  4.79263E-08  2.42788E-09
      24.120100  1.75109E-02  9.36993E-01  4.36272E-02  1.80198E-03  6.29692E-05  3.10145E-06  8.10232E-07  3.93189E-07  7.43370E-08  3.08202E-09
      24.220183  1.61592E-02  9.40632E-01  4.14557E-02  1.68984E-03  6.04936E-05  2.08921E-06  4.38222E-07  5.07735E-07  9.72255E-08  3.59641E-09
      24.320267  1.30738E-02  9.45576E-01  3.96933E-02  1.59548E-03  5.87362E-05  1.52354E-06  1.89574E-07  5.71214E-07  1.09179E-07  3.81034E-09
      24.420350  1.01699E-02  9.49069E-01  3.91385E-02  1.56151E-03  5.82946E-05  1.57831E-06  1.65097E-07  5.63195E-07  1.06469E-07  3.67012E-09
      24.520434  9.28877E-03  9.48894E-01  4.01443E-02  1.61022E-03  5.97191E-05  2.20568E-06  3.81337E-07  4.86459E-07  9.08096E-08  3.26714E-09
      24.620517  1.10374E-02  9.44748E-01  4.24126E-02  1.73444E-03  6.31965E-05  3.19241E-06  7.69692E-07  3.65427E-07  6.88529E-08  2.80978E-09
      24.720601  1.43814E-02  9.38566E-01  4.50820E-02  1.89688E-03  6.83366E-05  4.26866E-06  1.20238E-06  2.37333E-07  4.94187E-08  2.53372E-09
      24.820684  1.72889E-02  9.33478E-01  4.71103E-02  2.04193E-03  7.41645E-05  5.18806E-06  1.53318E-06  1.40116E-07  3.99848E-08  2.60318E-09
      24.920767  1.79944E-02  9.32064E-01  4.77361E-02  2.11912E-03  7.92975E-05  5.74714E-06  1.64580E-06  1.00783E-07  4.41986E-08  3.05531E-09
      25.020851  1.60661E-02  9.34967E-01  4.67709E-02  2.10597E-03  8.23322E-05  5.79253E-06  1.49806E-06  1.27160E-07  6.09635E-08  3.79423E-09
      25.120934  1.26526E-02  9.40612E-01  4.46309E-02  2.01546E-03  8.24035E-05  5.27581E-06  1.14157E-06  2.05297E-07  8.47284E-08  4.61306E-09
      25.221018  9.80212E-03  9.46079E-01  4.21485E-02  1.88548E-03  7.96500E-05  4.33460E-06  7.01697E-07  3.04028E-07  1.06918E-07  5.24141E-09
      25.321101  9.25230E-03  9.48671E-01  4.02375E-02  1.76023E-03  7.52093E-05  3.30106E-06  3.25989E-07  3.86018E-07  1.18749E-07  5.43134E-09
      25.421184  1.13742E-02  9.47356E-01  3.95214E-02  1.67421E-03  7.06289E-05  2.57601E-06  1.28892E-07  4.21493E-07  1.14785E-07  5.06428E-09
      25.521268  1.49134E-02  9.43284E-01  4.00902E-02  1.64217E-03  6.70719E-05  2.43490E-06  1.58696E-07  3.99018E-07  9.54091E-08  4.21884E-09
      25.621351  1.77322E-02  9.39026E-01  4.15177E-02  1.65581E-03  6.48810E-05  2.90582E-06  3.93295E-07  3.29107E-07  6.68057E-08  3.15116E-09
      25.721435  1.81261E-02  9.37004E-01  4.31111E-02  1.69027E-03  6.37192E-05  3.78606E-06  7.56130E-07  2.40019E-07  3.87652E-08  2.20513E-09
      25.821518  1.58872E-02  9.38098E-01  4.42262E-02  1.71962E-03  6.30446E-05  4.73889E-06  1.14076E-06  1.68338E-07  2.16514E-08  1.70974E-09
      25.921601  1.24353E-02  9.41280E-01  4.44844E-02  1.73102E-03  6.25308E-05  5.39479E-06  1.43623E-06  1.47921E-07  2.34222E-08  1.89326E-09
      26.021685  9.93805E-03  9.44431E-01  4.38355E-02  1.72636E-03  6.22046E-05  5.45720E-06  1.55142E-06  1.99629E-07  4.69149E-08  2.80830E-09
      26.121768  9.97889E-03  9.45739E-01  4.25017E-02  1.71136E-03  6.22948E-05  4.83211E-06  1.44160E-06  3.23125E-07  8.80045E-08  4.28187E-09
      26.221852  1.25925E-02  9.44795E-01  4.08593E-02  1.68464E-03  6.29126E-05  3.72159E-06  1.13450E-06  4.93039E-07  1.35936E-07  5.94091E-09
      26.321935  1.62403E-02  9.42749E-01  3.93046E-02  1.63833E-03  6.37793E-05  2.57580E-06  7.38493E-07  6.63669E-07  1.76490E-07  7.33257E-09
      26.422018  1.87301E-02  9.41492E-01  3.81414E-02  1.56883E-03  6.42711E-05  1.88736E-06  4.11456E-07  7.84170E-07  1.96839E-07  8.07892E-09
      26.522102  1.85415E-02  9.42374E-01  3.75317E-02  1.48571E-03  6.38173E-05  1.95064E-06  2.95560E-07  8.18935E-07  1.89971E-07  7.98806E-09
      26.622185  1.57740E-02  9.45238E-01  3.75112E-02  1.41010E-03  6.22957E-05  2.73735E-06  4.55728E-07  7.62406E-07  1.57285E-07  7.10476E-09
      26.722269  1.21283E-02  9.48423E-01  3.80196E-02  1.36341E-03  6.00574E-05  3.94253E-06  8.57982E-07  6.40822E-07  1.08851E-07  5.72002E-09
      26.822352  9.88930E-03  9.49803E-01  3.88889E-02  1.35414E-03  5.76200E-05  5.14301E-06  1.38838E-06  5.01977E-07  6.08968E-08  4.31771E-09
      26.922435  1.05133E-02  9.48243E-01  3.98087E-02  1.37121E-03  5.53324E-05  5.96450E-06  1.88940E-06  3.99404E-07  3.03975E-08  3.41770E-09
      27.022519  1.37164E-02  9.44474E-01  4.03592E-02  1.38836E-03  5.32061E-05  6.17849E-06  2.20200E-06  3.76011E-07  2.85361E-08  3.36284E-09
      27.122602  1.76450E-02  9.40758E-01  4.01608E-02  1.37725E-03  5.09266E-05  5.72039E-06  2.21733E-06  4.49729E-07  5.64335E-08  4.19050E-09
