# population in each left-qubit level over  time for $\ket{\Psi(t=0)} = \ket{11}$ (integrated over all cavity levels)
#        t [ns]            0            1            2            3            4            5            6            7            8            9
       0.000000  0.00000E+00  1.00000E+00  0.00000E+00  0.00000E+00  0.00000E+00  0.00000E+00  0.00000E+00  0.00000E+00  0.00000E+00  0.00000E+00
       0.100083  1.89135E-03  9.98107E-01  1.82463E-06  8.17759E-21  1.22525E-35  1.02068E-50  5.73156E-66  2.39482E-81  7.89711E-97  0.00000E+00
       0.200167  7.03044E-03  9.92943E-01  2.68055E-05  1.91559E-17  4.59479E-30  6.14476E-43  5.54788E-56  3.72804E-69  1.97515E-82  8.56361E-96
       0.300250  1.39622E-02  9.85920E-01  1.17691E-04  2.19258E-15  1.37698E-26  4.82684E-38  1.13990E-49  1.99301E-61  2.72445E-73  3.01358E-85
       0.400334  2.07219E-02  9.78974E-01  3.04493E-04  6.22288E-14  4.29805E-24  1.65369E-34  4.25863E-45  8.03119E-56  1.16657E-66  1.34587E-77
       0.500417  2.53958E-02  9.74031E-01  5.73351E-04  7.58072E-13  3.39227E-22  8.41723E-32  1.38322E-41  1.63800E-51  1.46307E-61  1.01253E-71
       0.600500  2.66748E-02  9.72465E-01  8.60666E-04  5.09075E-12  1.02086E-20  1.12812E-29  8.14299E-39  4.14912E-48  1.55364E-57  4.37518E-67
       0.700584  2.42387E-02  9.74685E-01  1.07640E-03  2.16308E-11  1.47971E-19  5.54382E-28  1.33532E-36  2.21648E-45  2.62390E-54  2.25956E-63
       0.800667  1.88575E-02  9.79998E-01  1.14446E-03  6.34842E-11  1.21015E-18  1.25898E-26  8.28949E-35  3.66673E-43  1.12052E-51  2.40650E-60
       0.900751  1.21751E-02  9.86785E-01  1.03977E-03  1.37474E-10  6.36167E-18  1.61048E-25  2.54808E-33  2.64382E-41  1.83755E-49  8.68662E-58
       1.000834  6.23646E-03  9.92961E-01  8.02427E-04  2.33707E-10  2.44526E-17  1.40994E-24  5.02823E-32  1.14844E-39  1.70425E-47  1.66691E-55
       1.100917  2.88961E-03  9.96591E-01  5.19183E-04  3.33875E-10  7.81350E-17  1.00444E-23  7.83166E-31  3.79172E-38  1.15170E-45  2.23102E-53
       1.201001  3.23772E-03  9.96482E-01  2.80561E-04  4.30637E-10  2.28168E-16  6.39796E-23  1.04758E-29  1.02264E-36  6.02572E-44  2.19279E-51
       1.301084  7.30625E-03  9.92556E-01  1.38122E-04  5.35474E-10  6.27597E-16  3.65015E-22  1.18054E-28  2.17632E-35  2.32967E-42  1.49534E-49
       1.401168  1.40316E-02  9.85881E-01  8.75938E-05  6.78660E-10  1.60040E-15  1.79248E-21  1.06590E-27  3.45238E-34  6.24958E-41  6.59787E-48
       1.501251  2.15773E-02  9.78336E-01  8.64346E-05  8.94585E-10  3.68000E-15  7.29134E-21  7.40695E-27  3.92356E-33  1.11929E-39  1.81406E-46
       1.601334  2.78797E-02  9.72029E-01  9.12375E-05  1.16792E-09  7.40434E-15  2.38924E-20  3.87524E-26  3.15688E-32  1.34077E-38  3.16455E-45
       1.701418  3.12556E-02  9.68655E-01  8.92880E-05  1.44012E-09  1.27354E-14  6.17714E-20  1.51411E-25  1.83019E-31  1.13534E-37  3.88325E-44
       1.801501  3.08912E-02  9.69003E-01  1.05513E-04  1.85963E-09  1.92726E-14  1.24309E-19  4.39546E-25  8.04906E-31  7.79699E-37  4.22460E-43
       1.901585  2.70712E-02  9.72746E-01  1.82731E-04  3.20593E-09  3.06441E-14  1.97182E-19  9.20103E-25  2.96948E-30  5.38021E-36  5.14177E-42
       2.001668  2.10849E-02  9.78567E-01  3.47892E-04  7.16961E-09  6.75031E-14  2.99440E-19  1.19675E-24  1.05720E-29  4.03369E-35  6.40115E-41
       2.101751  1.48417E-02  9.84574E-01  5.84248E-04  1.62860E-08  1.95850E-13  8.41922E-19  4.34243E-25  3.78680E-29  2.72728E-34  6.35014E-40
       2.201835  1.03124E-02  9.88860E-01  8.27633E-04  3.32391E-08  5.81755E-13  4.20515E-18  5.16091E-24  1.32770E-28  1.39709E-33  4.36090E-39
       2.301918  8.96225E-03  9.90045E-01  9.92999E-04  5.90863E-08  1.57321E-12  2.05184E-17  1.08070E-22  7.99998E-28  6.59775E-33  2.34625E-38
       2.402002  1.13395E-02  9.87642E-01  1.01853E-03  9.13333E-08  3.78520E-12  8.56827E-17  1.00694E-21  8.95866E-27  5.72271E-32  1.98800E-37
       2.502085  1.69284E-02  9.82171E-01  9.00749E-04  1.24662E-07  8.19948E-12  3.09971E-16  6.50196E-21  8.50985E-26  6.39558E-31  2.56541E-36
       2.602168  2.43004E-02  9.75002E-01  6.97579E-04  1.54827E-07  1.63583E-11  9.92603E-16  3.28696E-20  5.99637E-25  5.66486E-30  2.78420E-35
       2.702252  3.15195E-02  9.67983E-01  4.97258E-04  1.81138E-07  3.05452E-11  2.85349E-15  1.37980E-19  3.32465E-24  3.90144E-29  2.34792E-34
       2.802335  3.66896E-02  9.62937E-01  3.72796E-04  2.04251E-07  5.34890E-11  7.41608E-15  4.97796E-19  1.52670E-23  2.18336E-28  1.58852E-33
       2.902419  3.84958E-02  9.61155E-01  3.48866E-04  2.23437E-07  8.72235E-11  1.74502E-14  1.56946E-18  5.95383E-23  1.01459E-27  8.72445E-33
       3.002502  3.65841E-02  9.63018E-01  3.97601E-04  2.37881E-07  1.31423E-10  3.70897E-14  4.34705E-18  1.99163E-22  3.95382E-27  3.91258E-32
       3.102585  3.16703E-02  9.67867E-01  4.62431E-04  2.48044E-07  1.82306E-10  7.10519E-14  1.06167E-17  5.78213E-22  1.32025E-26  1.48056E-31
       3.202669  2.53396E-02  9.74165E-01  4.95182E-04  2.52908E-07  2.33025E-10  1.22917E-13  2.31109E-17  1.49465E-21  3.95811E-26  5.09703E-31
       3.302752  1.95951E-02  9.79919E-01  4.85671E-04  2.49689E-07  2.75572E-10  1.93471E-13  4.57403E-17  3.57180E-21  1.12990E-25  1.73527E-30
       3.402836  1.62769E-02  9.83256E-01  4.66466E-04  2.42376E-07  3.04789E-10  2.80459E-13  8.41978E-17  8.14755E-21  3.17797E-25  6.00325E-30
       3.502919  1.65217E-02  9.82989E-01  4.89167E-04  2.49327E-07  3.24556E-10  3.80278E-13  1.46321E-16  1.78722E-20  8.71430E-25  2.03769E-29
       3.603003  2.04202E-02  9.78993E-01  5.87013E-04  2.97475E-07  3.52373E-10  4.91245E-13  2.40105E-16  3.69806E-20  2.23835E-24  6.41049E-29
       3.703086  2.69820E-02  9.72268E-01  7.49187E-04  4.09944E-07  4.19472E-10  6.19184E-13  3.66998E-16  6.96995E-20  5.12871E-24  1.76364E-28
       3.803169  3.44247E-02  9.64650E-01  9.24865E-04  6.00011E-07  5.71437E-10  7.88862E-13  5.10529E-16  1.14615E-19  9.98272E-24  4.02507E-28
       3.903253  4.07003E-02  9.58245E-01  1.05422E-03  8.67596E-07  8.76121E-10  1.06809E-12  6.27507E-16  1.55933E-19  1.58302E-23  7.41766E-28
       4.003336  4.40994E-02  9.54794E-01  1.10562E-03  1.19373E-06  1.43568E-09  1.61856E-12  6.68827E-16  1.64323E-19  2.06767E-23  1.21726E-27
       4.103420  4.37499E-02  9.55153E-01  1.09592E-03  1.54743E-06  2.39166E-09  2.79407E-12  6.87418E-16  1.36751E-19  2.96008E-23  2.68787E-27
       4.203503  3.98658E-02  9.59050E-01  1.08274E-03  1.91251E-06  3.92048E-09  5.30020E-12  1.10656E-15  2.09061E-19  7.79612E-23  9.40597E-27
       4.303586  3.36759E-02  9.65188E-01  1.13353E-03  2.30881E-06  6.22291E-09  1.04171E-11  3.24063E-15  8.82216E-19  2.74268E-22  3.39705E-26
       4.403670  2.70579E-02  9.71652E-01  1.28748E-03  2.77911E-06  9.48786E-09  2.02491E-11  1.02406E-14  3.49400E-18  8.77108E-22  1.04440E-25
       4.503753  2.19880E-02  9.76478E-01  1.53032E-03  3.34612E-06  1.37886E-08  3.78146E-11  2.85891E-14  1.12404E-17  2.47733E-21  2.76773E-25
       4.603837  1.99693E-02  9.78229E-01  1.79732E-03  3.96776E-06  1.89108E-08  6.65931E-11  6.97540E-14  3.11253E-17  6.50732E-21  6.82714E-25
       4.703920  2.16063E-02  9.76384E-01  2.00542E-03  4.52181E-06  2.42267E-08  1.09419E-10  1.51379E-13  7.74916E-17  1.66838E-20  1.73856E-24
       4.804003  2.64446E-02  9.71453E-01  2.09767E-03  4.85072E-06  2.88155E-08  1.67647E-10  2.99390E-13  1.79550E-16  4.29391E-20  4.87421E-24
       4.904087  3.31113E-02  9.64810E-01  2.07376E-03  4.86112E-06  3.19102E-08  2.42134E-10  5.54860E-13  3.97248E-16  1.10546E-19  1.45227E-23
       5.004170  3.97102E-02  9.58296E-01  1.98951E-03  4.60126E-06  3.33916E-08  3.35797E-10  9.84361E-13  8.43549E-16  2.75310E-19  4.21724E-23
       5.104254  4.43606E-02  9.53707E-01  1.92773E-03  4.24091E-06  3.38710E-08  4.54668E-10  1.67837E-12  1.68990E-15  6.34470E-19  1.11067E-22
       5.204337  4.57297E-02  9.52307E-01  1.95905E-03  3.99109E-06  3.42877E-08  6.04613E-10  2.71597E-12  3.10993E-15  1.30214E-18  2.52987E-22
       5.304420  4.34120E-02  9.54470E-01  2.11354E-03  4.06063E-06  3.55205E-08  7.85016E-10  4.09653E-12  5.14844E-15  2.32612E-18  4.85603E-22
       5.404504  3.80463E-02  9.59575E-01  2.37429E-03  4.65363E-06  3.85335E-08  9.84627E-10  5.68997E-12  7.63750E-15  3.63107E-18  7.92189E-22
       5.504587  3.11339E-02  9.66167E-01  2.69293E-03  5.93502E-06  4.50492E-08  1.18542E-09  7.27789E-12  1.03713E-14  5.18922E-18  1.18093E-21
       5.604671  2.46112E-02  9.72363E-01  3.01807E-03  7.97137E-06  5.82360E-08  1.37583E-09  8.66983E-12  1.34862E-14  7.42014E-18  1.85019E-21
       5.704754  2.02975E-02  9.76369E-01  3.32228E-03  1.07276E-05  8.28828E-08  1.56714E-09  9.75288E-12  1.75563E-14  1.14006E-17  3.33150E-21
       5.804837  1.93756E-02  9.76997E-01  3.61329E-03  1.41042E-05  1.24785E-07  1.80700E-09  1.04186E-11  2.30918E-14  1.85044E-17  6.46432E-21
       5.904921  2.20491E-02  9.74010E-01  3.92279E-03  1.79196E-05  1.88989E-07  2.19181E-09  1.06180E-11  3.00211E-14  2.96343E-17  1.21295E-20
       6.005004  2.74775E-02  9.68221E-01  4.27979E-03  2.18629E-05  2.76727E-07  2.87720E-09  1.08934E-11  3.84321E-14  4.48646E-17  2.07437E-20
       6.105088  3.40118E-02  9.61277E-01  4.68564E-03  2.55459E-05  3.82182E-07  4.06990E-09  1.32914E-11  5.13918E-14  6.51007E-17  3.21861E-20
       6.205171  3.96672E-02  9.55197E-01  5.10686E-03  2.86276E-05  4.91670E-07  5.98668E-09  2.19384E-11  7.88033E-14  9.72285E-17  4.80698E-20
       6.305254  4.26988E-02  9.51780E-01  5.48937E-03  3.08590E-05  5.87021E-07  8.80195E-09  4.27613E-11  1.40237E-13  1.62253E-16  7.80336E-20
       6.405338  4.21085E-02  9.52075E-01  5.78403E-03  3.20690E-05  6.51766E-07  1.26271E-08  8.29366E-11  2.66556E-13  3.03577E-16  1.48191E-19
       6.505421  3.79359E-02  9.56062E-01  5.96895E-03  3.22617E-05  6.76799E-07  1.75149E-08  1.50674E-10  4.99820E-13  5.88956E-16  3.04895E-19
       6.605505  3.12478E-02  9.62661E-01  6.05846E-03  3.17760E-05  6.63442E-07  2.34283E-08  2.54267E-10  8.86370E-13  1.09668E-15  6.05974E-19
       6.705588  2.38314E-02  9.70040E-01  6.09626E-03  3.12452E-05  6.23557E-07  3.01715E-08  3.99351E-10  1.46132E-12  1.88522E-15  1.09732E-18
       6.805671  1.76787E-02  9.76152E-01  6.13705E-03  3.12883E-05  5.76639E-07  3.73904E-08  5.86330E-10  2.23743E-12  2.96907E-15  1.78649E-18
       6.905755  1.44107E-02  9.79331E-01  6.22538E-03  3.22196E-05  5.44496E-07  4.47033E-08  8.11244E-10  3.21971E-12  4.35032E-15  2.65697E-18
       7.005838  1.48105E-02  9.78771E-01  6.38390E-03  3.40302E-05  5.45518E-07  5.18364E-08  1.06961E-09  4.45054E-12  6.14641E-15  3.78985E-18
       7.105922  1.86009E-02  9.74743E-01  6.61885E-03  3.65853E-05  5.91356E-07  5.85955E-08  1.35810E-09  6.05164E-12  8.76293E-15  5.58603E-18
       7.206005  2.45333E-02  9.68488E-01  6.93837E-03  3.98618E-05  6.87217E-07  6.47427E-08  1.67097E-09  8.20995E-12  1.29493E-14  8.92728E-18
       7.306088  3.07532E-02  9.61833E-01  7.36857E-03  4.41491E-05  8.33996E-07  7.00211E-08  1.99428E-09  1.10818E-11  1.95742E-14  1.50425E-17
       7.406172  3.53355E-02  9.56661E-01  7.95232E-03  5.01569E-05  1.03012E-06  7.43808E-08  2.30323E-09  1.46446E-11  2.90904E-14  2.49181E-17
       7.506255  3.68324E-02  9.54380E-01  8.72767E-03  5.89375E-05  1.27331E-06  7.81814E-08  2.56624E-09  1.86016E-11  4.09462E-14  3.83597E-17
       7.606339  3.46808E-02  9.55550E-01  9.69615E-03  7.15717E-05  1.56297E-06  8.22170E-08  2.76160E-09  2.25181E-11  5.36372E-14  5.35259E-17
       7.706422  2.93551E-02  9.59756E-01  1.07978E-02  8.86293E-05  1.90133E-06  8.76758E-08  2.90771E-09  2.62668E-11  6.61044E-14  6.83984E-17
       7.806505  2.22257E-02  9.65754E-01  1.19087E-02  1.09512E-04  2.29090E-06  9.62165E-08  3.08989E-09  3.05275E-11  7.99868E-14  8.43786E-17
       7.906589  1.51668E-02  9.71829E-01  1.28691E-02  1.32065E-04  2.73030E-06  1.10229E-07  3.46167E-09  3.69074E-11  1.00871E-13  1.09328E-16
       8.006672  1.00316E-02  9.76275E-01  1.35371E-02  1.52989E-04  3.21515E-06  1.33262E-07  4.23185E-09  4.76639E-11  1.37523E-13  1.57333E-16
       8.106756  8.13957E-03  9.77840E-01  1.38474E-02  1.69026E-04  3.74480E-06  1.70455E-07  5.68081E-09  6.55183E-11  2.00186E-13  2.45705E-16
       8.206839  9.91379E-03  9.76060E-01  1.38434E-02  1.78144E-04  4.32137E-06  2.28416E-07  8.20861E-09  9.37937E-11  2.99011E-13  3.90494E-16
       8.306922  1.47584E-02  9.71393E-01  1.36633E-02  1.79945E-04  4.92743E-06  3.13783E-07  1.23379E-08  1.36416E-10  4.42235E-13  6.00084E-16
       8.407006  2.12121E-02  9.65124E-01  1.34826E-02  1.75459E-04  5.49547E-06  4.30373E-07  1.85977E-08  1.97327E-10  6.34681E-13  8.70110E-16
       8.507089  2.73458E-02  9.59037E-01  1.34441E-02  1.66898E-04  5.90481E-06  5.76093E-07  2.73354E-08  2.79908E-10  8.80828E-13  1.19239E-15
       8.607173  3.13030E-02  9.54921E-01  1.36115E-02  1.57412E-04  6.02869E-06  7.41596E-07  3.86126E-08  3.87781E-10  1.19676E-12  1.58838E-15
       8.707256  3.18340E-02  9.54042E-01  1.39664E-02  1.50525E-04  5.81184E-06  9.11884E-07  5.22562E-08  5.26561E-10  1.62352E-12  2.14599E-15
       8.807339  2.86648E-02  9.56738E-01  1.44418E-02  1.49293E-04  5.32950E-06  1.06970E-06  6.78929E-08  7.02902E-10  2.22049E-12  3.00910E-15
       8.907423  2.25896E-02  9.62277E-01  1.49713E-02  1.55597E-04  4.78842E-06  1.19809E-06  8.47601E-08  9.18105E-10  3.02755E-12  4.29769E-15
       9.007506  1.52563E-02  9.69041E-01  1.55268E-02  1.69797E-04  4.46594E-06  1.28152E-06  1.01446E-07  1.16023E-09  4.01683E-12  5.99978E-15
       9.107590  8.70142E-03  9.74974E-01  1.61276E-02  1.90725E-04  4.61075E-06  1.30805E-06  1.16036E-07  1.40366E-09  5.07737E-12  7.91248E-15
       9.207673  4.76163E-03  9.78202E-01  1.68135E-02  2.16044E-04  5.34064E-06  1.27446E-06  1.26881E-07  1.62148E-09  6.06906E-12  9.72383E-15
       9.307756  4.53289E-03  9.77618E-01  1.75981E-02  2.42933E-04  6.58036E-06  1.19137E-06  1.33499E-07  1.80405E-09  6.93347E-12  1.12664E-14
       9.407840  8.04224E-03  9.73247E-01  1.84330E-02  2.68740E-04  8.07806E-06  1.08296E-06  1.36793E-07  1.96772E-09  7.77428E-12  1.27725E-14
       9.507923  1.42390E-02  9.66245E-01  1.92141E-02  2.91347E-04  9.50385E-06  9.79871E-07  1.38367E-07  2.14423E-09  8.81913E-12  1.48528E-14
       9.608007  2.13086E-02  9.58544E-01  1.98263E-02  3.09469E-04  1.05841E-05  9.09735E-07  1.39684E-07  2.36010E-09  1.02815E-11  1.81572E-14
       9.708090  2.72072E-02  9.52258E-01  2.01999E-02  3.23008E-04  1.12019E-05  8.91604E-07  1.41848E-07  2.62320E-09  1.22269E-11  2.29664E-14
       9.808173  3.02524E-02  9.49059E-01  2.03429E-02  3.32985E-04  1.14183E-05  9.36296E-07  1.46034E-07  2.92566E-09  1.45327E-11  2.89676E-14
       9.908257  2.95985E-02  9.49714E-01  2.03340E-02  3.40707E-04  1.14102E-05  1.04967E-06  1.53994E-07  3.26089E-09  1.69771E-11  3.53657E-14
      10.008340  2.54688E-02  9.53888E-01  2.02839E-02  3.46754E-04  1.13630E-05  1.23470E-06  1.68199E-07  3.64415E-09  1.94360E-11  4.14127E-14
      10.108424  1.90831E-02  9.60266E-01  2.02868E-02  3.50658E-04  1.13741E-05  1.49012E-06  1.91442E-07  4.12139E-09  2.20724E-11  4.71732E-14
      10.208507  1.23064E-02  9.66944E-01  2.03846E-02  3.51468E-04  1.14188E-05  1.80647E-06  2.26104E-07  4.75787E-09  2.53579E-11  5.39330E-14
      10.308590  7.11801E-03  9.71956E-01  2.05633E-02  3.48643E-04  1.13940E-05  2.16328E-06  2.73469E-07  5.61478E-09  2.98904E-11  6.37644E-14
      10.408674  5.05612E-03  9.73804E-01  2.07827E-02  3.42790E-04  1.12082E-05  2.53039E-06  3.33413E-07  6.72803E-09  3.61178E-11  7.84565E-14
      10.508757  6.79126E-03  9.71838E-01  2.10209E-02  3.35999E-04  1.08585E-05  2.87318E-06  4.04299E-07  8.09284E-09  4.40983E-11  9.84396E-14
      10.608841  1.19420E-02  9.66409E-01  2.13037E-02  3.31605E-04  1.04540E-05  3.15890E-06  4.82829E-07  9.65430E-09  5.33811E-11  1.22226E-13
      10.708924  1.91783E-02  9.58777E-01  2.16969E-02  3.33417E-04  1.01766E-05  3.36280E-06  5.64286E-07  1.13176E-08  6.31334E-11  1.46814E-13
      10.809008  2.65856E-02  9.50788E-01  2.22672E-02  3.44754E-04  1.02065E-05  3.47440E-06  6.43791E-07  1.29923E-08  7.26140E-11  1.69413E-13
      10.909091  3.21979E-02  9.44380E-01  2.30396E-02  3.67646E-04  1.06549E-05  3.50207E-06  7.17997E-07  1.46525E-08  8.18162E-11  1.89978E-13
      11.009174  3.45533E-02  9.41052E-01  2.39762E-02  4.02284E-04  1.15425E-05  3.47152E-06  7.85650E-07  1.63610E-08  9.17763E-11  2.12698E-13
      11.109258  3.31135E-02  9.41435E-01  2.49880E-02  4.46851E-04  1.28293E-05  3.41708E-06  8.46483E-07  1.82242E-08  1.04144E-10  2.44624E-13
      11.209341  2.84231E-02  9.45093E-01  2.59676E-02  4.97880E-04  1.44670E-05  3.37092E-06  9.00016E-07  2.03097E-08  1.20193E-10  2.91778E-13
      11.309425  2.19609E-02  9.50641E-01  2.68262E-02  5.51027E-04  1.64289E-05  3.35761E-06  9.45979E-07  2.25922E-08  1.39907E-10  3.55045E-13
      11.409508  1.57245E-02  9.56132E-01  2.75188E-02  6.01778E-04  1.86935E-05  3.39564E-06  9.86261E-07  2.49751E-08  1.61805E-10  4.28366E-13
      11.509591  1.16639E-02  9.59619E-01  2.80456E-02  6.45863E-04  2.11889E-05  3.50178E-06  1.02679E-06  2.73856E-08  1.83794E-10  5.01145E-13
      11.609675  1.11210E-02  9.59744E-01  2.84273E-02  6.79596E-04  2.37364E-05  3.69293E-06  1.07771E-06  2.98801E-08  2.04739E-10  5.65075E-13
      11.709758  1.44364E-02  9.56158E-01  2.86743E-02  7.00329E-04  2.60522E-05  3.98482E-06  1.15119E-06  3.26761E-08  2.25725E-10  6.21752E-13
      11.809842  2.08467E-02  9.49640E-01  2.87730E-02  7.06893E-04  2.78363E-05  4.38976E-06  1.25776E-06  3.60741E-08  2.49953E-10  6.84729E-13
      11.909925  2.87043E-02  9.41858E-01  2.87027E-02  6.99914E-04  2.89055E-05  4.91482E-06  1.40333E-06  4.03220E-08  2.81168E-10  7.72981E-13
      12.010008  3.59556E-02  9.34855E-01  2.84712E-02  6.82033E-04  2.92761E-05  5.56025E-06  1.58843E-06  4.54969E-08  3.21479E-10  8.99533E-13
      12.110092  4.07302E-02  9.30433E-01  2.81413E-02  6.57791E-04  2.91221E-05  6.31756E-06  1.80906E-06  5.14433E-08  3.69677E-10  1.06195E-12
      12.210175  4.18708E-02  9.29629E-01  2.78296E-02  6.32845E-04  2.86385E-05  7.16700E-06  2.05712E-06  5.77870E-08  4.21011E-10  1.23980E-12
      12.310259  3.92567E-02  9.32416E-01  2.76759E-02  6.12682E-04  2.79144E-05  8.07448E-06  2.32055E-06  6.40520E-08  4.69046E-10  1.40229E-12
      12.410342  3.38323E-02  9.37732E-01  2.77953E-02  6.01553E-04  2.69132E-05  8.98845E-06  2.58398E-06  6.98570E-08  5.09145E-10  1.52549E-12
      12.510425  2.73325E-02  9.43793E-01  2.82339E-02  6.02019E-04  2.55849E-05  9.83859E-06  2.83038E-06  7.50704E-08  5.41424E-10  1.60986E-12
      12.610509  2.17839E-02  9.48618E-01  2.89457E-02  6.14880E-04  2.40391E-05  1.05394E-05  3.04211E-06  7.97860E-08  5.70606E-10  1.68249E-12
      12.710592  1.89290E-02  9.50588E-01  2.98071E-02  6.39195E-04  2.26651E-05  1.10009E-05  3.20095E-06  8.41118E-08  6.02366E-10  1.77845E-12
      12.810676  1.97400E-02  9.48885E-01  3.06657E-02  6.72590E-04  2.20960E-05  1.11463E-05  3.28919E-06  8.79455E-08  6.38904E-10  1.91547E-12
      12.910759  2.41579E-02  9.43693E-01  3.14001E-02  7.11974E-04  2.30001E-05  1.09312E-05  3.29406E-06  9.09474E-08  6.77185E-10  2.08175E-12
      13.010842  3.11182E-02  9.36130E-01  3.19576E-02  7.54334E-04  2.57734E-05  1.03627E-05  3.21546E-06  9.27740E-08  7.11142E-10  2.24460E-12
      13.110926  3.88475E-02  9.27963E-01  3.23499E-02  7.97091E-04  3.02752E-05  9.51158E-06  3.07215E-06  9.34270E-08  7.36341E-10  2.37264E-12
      13.211009  4.53508E-02  9.21146E-01  3.26185E-02  8.37900E-04  3.57437E-05  8.51385E-06  2.90073E-06  9.34413E-08  7.53917E-10  2.45834E-12
      13.311093  4.89614E-02  9.17320E-01  3.27936E-02  8.74152E-04  4.09712E-05  7.55291E-06  2.74564E-06  9.37347E-08  7.71046E-10  2.52717E-12
      13.411176  4.88064E-02  9.17362E-01  3.28745E-02  9.02596E-04  4.46981E-05  6.82087E-06  2.64553E-06  9.52238E-08  7.97684E-10  2.62722E-12
      13.511259  4.50567E-02  9.21130E-01  3.28381E-02  9.19514E-04  4.60668E-05  6.47011E-06  2.62502E-06  9.84947E-08  8.41843E-10  2.80451E-12
      13.611343  3.88893E-02  9.27467E-01  3.26673E-02  9.21655E-04  4.49315E-05  6.57666E-06  2.69504E-06  1.03694E-07  9.05864E-10  3.07723E-12
      13.711426  3.21692E-02  9.34486E-01  3.23852E-02  9.07603E-04  4.18852E-05  7.13226E-06  2.85737E-06  1.10585E-07  9.84948E-10  3.42130E-12
      13.811510  2.69332E-02  9.40066E-01  3.20730E-02  8.78958E-04  3.79987E-05  8.06409E-06  3.10727E-06  1.18674E-07  1.06873E-09  3.77619E-12
      13.911593  2.48126E-02  9.42445E-01  3.18541E-02  8.40928E-04  3.44022E-05  9.26414E-06  3.43382E-06  1.27412E-07  1.14620E-09  4.07400E-12
      14.011676  2.65541E-02  9.40750E-01  3.18468E-02  8.02104E-04  3.19171E-05  1.06082E-05  3.82031E-06  1.36442E-07  1.21205E-09  4.28107E-12
      14.111760  3.17846E-02  9.35287E-01  3.21083E-02  7.73039E-04  3.09146E-05  1.19586E-05  4.24563E-06  1.45763E-07  1.27065E-09  4.42585E-12
      14.211843  3.91021E-02  9.27478E-01  3.26068E-02  7.63469E-04  3.14162E-05  1.31634E-05  4.68561E-06  1.55677E-07  1.33429E-09  4.58924E-12
      14.311927  4.64765E-02  9.19454E-01  3.32378E-02  7.79005E-04  3.32876E-05  1.40683E-05  5.11431E-06  1.66531E-07  1.41653E-09  4.86063E-12
      14.412010  5.18403E-02  9.13411E-01  3.38729E-02  8.18960E-04  3.63418E-05  1.45487E-05  5.50661E-06  1.78402E-07  1.52455E-09  5.28905E-12
      14.512093  5.36889E-02  9.10963E-01  3.44112E-02  8.76380E-04  4.03013E-05  1.45455E-05  5.84204E-06  1.90901E-07  1.65463E-09  5.85642E-12
      14.612177  5.15162E-02  9.12668E-01  3.48101E-02  9.40078E-04  4.47043E-05  1.40836E-05  6.10835E-06  2.03250E-07  1.79313E-09  6.48282E-12
      14.712260  4.59621E-02  9.17882E-01  3.50899E-02  9.97816E-04  4.88671E-05  1.32631E-05  6.30337E-06  2.14625E-07  1.92322E-09  7.06313E-12
      14.812344  3.86324E-02  9.24945E-01  3.53121E-02  1.03973E-03  5.19706E-05  1.22306E-05  6.43334E-06  2.24588E-07  2.03438E-09  7.52518E-12
      14.912427  3.16385E-02  9.31687E-01  3.55421E-02  1.06108E-03  5.32759E-05  1.11458E-05  6.50742E-06  2.33266E-07  2.12877E-09  7.87857E-12
      15.012510  2.69859E-02  9.36072E-01  3.58095E-02  1.06348E-03  5.24135E-05  1.01510E-05  6.53114E-06  2.41126E-07  2.21906E-09  8.21138E-12
      15.112594  2.59918E-02  9.36800E-01  3.60881E-02  1.05402E-03  4.96148E-05  9.35119E-06  6.50452E-06  2.48533E-07  2.31851E-09  8.62621E-12
      15.212677  2.89069E-02  9.33681E-01  3.63084E-02  1.04265E-03  4.57416E-05  8.81090E-06  6.42785E-06  2.55459E-07  2.43072E-09  9.16252E-12
      15.312761  3.48513E-02  9.27656E-01  3.63970E-02  1.03860E-03  4.20601E-05  8.57186E-06  6.31221E-06  2.61585E-07  2.54672E-09  9.76585E-12
      15.412844  4.20738E-02  9.20507E-01  3.63174E-02  1.04680E-03  3.98415E-05  8.67650E-06  6.18797E-06  2.66722E-07  2.65138E-09  1.03233E-11
      15.512927  4.84543E-02  9.14334E-01  3.60901E-02  1.06583E-03  3.99409E-05  9.17705E-06  6.10496E-06  2.71263E-07  2.73467E-09  1.07387E-11
      15.613011  5.21035E-02  9.10965E-01  3.57840E-02  1.08814E-03  4.25065E-05  1.01199E-05  6.12202E-06  2.76295E-07  2.80041E-09  1.10015E-11
      15.713094  5.18975E-02  9.11444E-01  3.54908E-02  1.10296E-03  4.69214E-05  1.15144E-05  6.28966E-06  2.83251E-07  2.86663E-09  1.12086E-11
      15.813178  4.77975E-02  9.15731E-01  3.52987E-02  1.10044E-03  5.19948E-05  1.33083E-05  6.63479E-06  2.93338E-07  2.95713E-09  1.15200E-11
      15.913261  4.08669E-02  9.22705E-01  3.52734E-02  1.07583E-03  5.63111E-05  1.53849E-05  7.15440E-06  3.07098E-07  3.08932E-09  1.20708E-11
      16.013344  3.29752E-02  9.30457E-01  3.54513E-02  1.03210E-03  5.86045E-05  1.75819E-05  7.81637E-06  3.24183E-07  3.26429E-09  1.28897E-11
      16.113428  2.62704E-02  9.36823E-01  3.58391E-02  9.80481E-04  5.80782E-05  1.97106E-05  8.56129E-06  3.43275E-07  3.46385E-09  1.38705E-11
      16.213511  2.25659E-02  9.39996E-01  3.64143E-02  9.37999E-04  5.46451E-05  2.15660E-05  9.30666E-06  3.62327E-07  3.65727E-09  1.48167E-11
      16.313595  2.28126E-02  9.39063E-01  3.71201E-02  9.22470E-04  4.90627E-05  2.29385E-05  9.96129E-06  3.79297E-07  3.81676E-09  1.55444E-11
      16.413678  2.68139E-02  9.34300E-01  3.78622E-02  9.46141E-04  4.28837E-05  2.36538E-05  1.04503E-05  3.93193E-07  3.93486E-09  1.59985E-11
      16.513761  3.32730E-02  9.27127E-01  3.85166E-02  1.01044E-03  3.81532E-05  2.36432E-05  1.07365E-05  4.04638E-07  4.03217E-09  1.63085E-11
      16.613845  4.01669E-02  9.19699E-01  3.89590E-02  1.10429E-03  3.68802E-05  2.30004E-05  1.08241E-05  4.15460E-07  4.14816E-09  1.67333E-11
      16.713928  4.53377E-02  9.14276E-01  3.91059E-02  1.20716E-03  4.04233E-05  2.19765E-05  1.07481E-05  4.27611E-07  4.32065E-09  1.75251E-11
      16.814012  4.71231E-02  9.12548E-01  3.89518E-02  1.29575E-03  4.89753E-05  2.09054E-05  1.05651E-05  4.42292E-07  4.56744E-09  1.88040E-11
      16.914095  4.48408E-02  9.15131E-01  3.85849E-02  1.35138E-03  6.12966E-05  2.01100E-05  1.03537E-05  4.59797E-07  4.88001E-09  2.05075E-11
      17.014178  3.89897E-02  9.21364E-01  3.81757E-02  1.36536E-03  7.48019E-05  1.98460E-05  1.02133E-05  4.79920E-07  5.23003E-09  2.24244E-11
      17.114262  3.11105E-02  9.29494E-01  3.79369E-02  1.34122E-03  8.60813E-05  2.02891E-05  1.02487E-05  5.02413E-07  5.58422E-09  2.42907E-11
      17.214345  2.33392E-02  9.37184E-01  3.80584E-02  1.29358E-03  9.18596E-05  2.15319E-05  1.05374E-05  5.27133E-07  5.92043E-09  2.59220E-11
      17.314429  1.77770E-02  9.42224E-01  3.86296E-02  1.24385E-03  9.02046E-05  2.35545E-05  1.10981E-05  5.53849E-07  6.23692E-09  2.73184E-11
      17.414512  1.58645E-02  9.43214E-01  3.95877E-02  1.21322E-03  8.15288E-05  2.61770E-05  1.18807E-05  5.82036E-07  6.54908E-09  2.86579E-11
      17.514595  1.79583E-02  9.39992E-01  4.07229E-02  1.21511E-03  6.88220E-05  2.90465E-05  1.27881E-05  6.10904E-07  6.87514E-09  3.01608E-11
      17.614679  2.32424E-02  9.33652E-01  4.17527E-02  1.25044E-03  5.67964E-05  3.17156E-05  1.37192E-05  6.39654E-07  7.22117E-09  3.19241E-11
      17.714762  2.99925E-02  9.26170E-01  4.24298E-02  1.30807E-03  5.01885E-05  3.38082E-05  1.46112E-05  6.67888E-07  7.57736E-09  3.38619E-11
      17.814846  3.60946E-02  9.19800E-01  4.26321E-02  1.36995E-03  5.19565E-05  3.51863E-05  1.54592E-05  6.96032E-07  7.92871E-09  3.57856E-11
      17.914929  3.96569E-02  9.16414E-01  4.23957E-02  1.41815E-03  6.21805E-05  3.60050E-05  1.63072E-05  7.25477E-07  8.27123E-09  3.75539E-11
      18.015013  3.95425E-02  9.16995E-01  4.18887E-02  1.44080E-03  7.80843E-05  3.66077E-05  1.72114E-05  7.58099E-07  8.62113E-09  3.91929E-11
      18.115096  3.56815E-02  9.21387E-01  4.13449E-02  1.43519E-03  9.50620E-05  3.73277E-05  1.81952E-05  7.95221E-07  9.00943E-09  4.09172E-11
      18.215179  2.90801E-02  9.28359E-01  4.09862E-02  1.40795E-03  1.08216E-04  3.83199E-05  1.92185E-05  8.36474E-07  9.46300E-09  4.30162E-11
      18.315263  2.15247E-02  9.35971E-01  4.09570E-02  1.37282E-03  1.13855E-04  3.95176E-05  2.01739E-05  8.79108E-07  9.98039E-09  4.56486E-11
      18.415346  1.50657E-02  9.42124E-01  4.12909E-02  1.34683E-03  1.10562E-04  4.07052E-05  2.09084E-05  9.18083E-07  1.05161E-08  4.86628E-11
      18.515430  1.14301E-02  9.45144E-01  4.19172E-02  1.34543E-03  9.96081E-05  4.16238E-05  2.12610E-05  9.47232E-07  1.09883E-08  5.15863E-11
      18.615513  1.15331E-02  9.44240E-01  4.27009E-02  1.37772E-03  8.46090E-05  4.20373E-05  2.11124E-05  9.61597E-07  1.13146E-08  5.38404E-11
      18.715596  1.52237E-02  9.39706E-01  4.34939E-02  1.44318E-03  7.04271E-05  4.17713E-05  2.04401E-05  9.60141E-07  1.14614E-08  5.50817E-11
      18.815680  2.13355E-02  9.32835E-01  4.41755E-02  1.53136E-03  6.16050E-05  4.07846E-05  1.93554E-05  9.47085E-07  1.14718E-08  5.54525E-11
      18.915763  2.80249E-02  9.25559E-01  4.46721E-02  1.62458E-03  6.08942E-05  3.92798E-05  1.80981E-05  9.30771E-07  1.14524E-08  5.55597E-11
      19.015847  3.33008E-02  9.19914E-01  4.49582E-02  1.70272E-03  6.84536E-05  3.77675E-05  1.69888E-05  9.20909E-07  1.15286E-08  5.61995E-11
      19.115930  3.55934E-02  9.17474E-01  4.50481E-02  1.74852E-03  8.19710E-05  3.69890E-05  1.63629E-05  9.26074E-07  1.18006E-08  5.80230E-11
      19.216013  3.42010E-02  9.18907E-01  4.49873E-02  1.75217E-03  9.75437E-05  3.76905E-05  1.65033E-05  9.52295E-07  1.23196E-08  6.13237E-11
      19.316097  2.94903E-02  9.23778E-01  4.48476E-02  1.71406E-03  1.10893E-04  4.03524E-05  1.75771E-05  1.00215E-06  1.30798E-08  6.59716E-11
      19.416180  2.27966E-02  9.30648E-01  4.47263E-02  1.64519E-03  1.18494E-04  4.50060E-05  1.95802E-05  1.07387E-06  1.40202E-08  7.14518E-11
      19.516264  1.60463E-02  9.37463E-01  4.47328E-02  1.56511E-03  1.18376E-04  5.12022E-05  2.23133E-05  1.16105E-06  1.50388E-08  7.70198E-11
      19.616347  1.11996E-02  9.42152E-01  4.49559E-02  1.49763E-03  1.10581E-04  5.81092E-05  2.54108E-05  1.25404E-06  1.60278E-08  8.20023E-11
      19.716430  9.67132E-03  9.43257E-01  4.54157E-02  1.46463E-03  9.72774E-05  6.46779E-05  2.84237E-05  1.34288E-06  1.69168E-08  8.61329E-11
      19.816514  1.19057E-02  9.40397E-01  4.60332E-02  1.47941E-03  8.24300E-05  6.98265E-05  3.09265E-05  1.42029E-06  1.76978E-08  8.96648E-11
      19.916597  1.72457E-02  9.34391E-01  4.66437E-02  1.54191E-03  7.08833E-05  7.26326E-05  3.26148E-05  1.48328E-06  1.84122E-08  9.31455E-11
      20.016681  2.41393E-02  9.26988E-01  4.70606E-02  1.63805E-03  6.69490E-05  7.25258E-05  3.33658E-05  1.53291E-06  1.91172E-08  9.70696E-11
      20.116764  3.06117E-02  9.20309E-01  4.71584E-02  1.74413E-03  7.29334E-05  6.94522E-05  3.32528E-05  1.57287E-06  1.98587E-08  1.01687E-10
      20.216847  3.48523E-02  9.16194E-01  4.69323E-02  1.83455E-03  8.81979E-05  6.39581E-05  3.25118E-05  1.60784E-06  2.06611E-08  1.07011E-10
      20.316931  3.57374E-02  9.15665E-01  4.65083E-02  1.88993E-03  1.09153E-04  5.71314E-05  3.14741E-05  1.64214E-06  2.15314E-08  1.12931E-10
      20.417014  3.31435E-02  9.18641E-01  4.60998E-02  1.90290E-03  1.30218E-04  5.03795E-05  3.04806E-05  1.67884E-06  2.24674E-08  1.19353E-10
      20.517098  2.79668E-02  9.23999E-01  4.59319E-02  1.87968E-03  1.45452E-04  4.50863E-05  2.97982E-05  1.71916E-06  2.34631E-08  1.26289E-10
      20.617181  2.18468E-02  9.29933E-01  4.61590E-02  1.83742E-03  1.50358E-04  4.22508E-05  2.95595E-05  1.76227E-06  2.45039E-08  1.33801E-10
      20.717264  1.66791E-02  9.34496E-01  4.68088E-02  1.79848E-03  1.43313E-04  4.22357E-05  2.97496E-05  1.80573E-06  2.55557E-08  1.41795E-10
      20.817348  1.40642E-02  9.36173E-01  4.77762E-02  1.78344E-03  1.26164E-04  4.47328E-05  3.02466E-05  1.84670E-06  2.65641E-08  1.49861E-10
      20.917431  1.48559E-02  9.34282E-01  4.88722E-02  1.80469E-03  1.03797E-04  4.89471E-05  3.09037E-05  1.88390E-06  2.74782E-08  1.57384E-10
      21.017515  1.89354E-02  9.29130E-01  4.99020E-02  1.86250E-03  8.28015E-05  5.38915E-05  3.16418E-05  1.91979E-06  2.82917E-08  1.63912E-10
      21.117598  2.52633E-02  9.21896E-01  5.07327E-02  1.94522E-03  6.96323E-05  5.86410E-05  3.25096E-05  1.96192E-06  2.90790E-08  1.69556E-10
      21.217681  3.21841E-02  9.14298E-01  5.13173E-02  2.03349E-03  6.88208E-05  6.24639E-05  3.36804E-05  2.02196E-06  2.99966E-08  1.75167E-10
      21.317765  3.78936E-02  9.08143E-01  5.16728E-02  2.10693E-03  8.17506E-05  6.48626E-05  3.53830E-05  2.11265E-06  3.12478E-08  1.82198E-10
      21.417848  4.09422E-02  9.04859E-01  5.18365E-02  2.15075E-03  1.06284E-04  6.56062E-05  3.78022E-05  2.24370E-06  3.30250E-08  1.92283E-10
      21.517932  4.06385E-02  9.05122E-01  5.18341E-02  2.16028E-03  1.37258E-04  6.47938E-05  4.09893E-05  2.41836E-06  3.54485E-08  2.06693E-10
      21.618015  3.72450E-02  9.08653E-01  5.16813E-02  2.14250E-03  1.67708E-04  6.28907E-05  4.48055E-05  2.63125E-06  3.85179E-08  2.25841E-10
      21.718098  3.19146E-02  9.14250E-01  5.14179E-02  2.11409E-03  1.90560E-04  6.06428E-05  4.89126E-05  2.86777E-06  4.20878E-08  2.49019E-10
      21.818182  2.63782E-02  9.20063E-01  5.11473E-02  2.09627E-03  2.00457E-04  5.88424E-05  5.28249E-05  3.10632E-06  4.58892E-08  2.74496E-10
      21.918265  2.24579E-02  9.24079E-01  5.10430E-02  2.10769E-03  1.95336E-04  5.80425E-05  5.60260E-05  3.32411E-06  4.96151E-08  3.00118E-10
      22.018349  2.15308E-02  9.24716E-01  5.12978E-02  2.15790E-03  1.77297E-04  5.83830E-05  5.81180E-05  3.50478E-06  5.30452E-08  3.24321E-10
      22.118432  2.41018E-02  9.21349E-01  5.20302E-02  2.24395E-03  1.52385E-04  5.96363E-05  5.89453E-05  3.64439E-06  5.61509E-08  3.47067E-10
      22.218515  2.96295E-02  9.14562E-01  5.32038E-02  2.35154E-03  1.29059E-04  6.14360E-05  5.86553E-05  3.75303E-06  5.91127E-08  3.70020E-10
      22.318599  3.66791E-02  9.06004E-01  5.46157E-02  2.46033E-03  1.15623E-04  6.35333E-05  5.76889E-05  3.85173E-06  6.22465E-08  3.95825E-10
      22.418682  4.33607E-02  8.97874E-01  5.59697E-02  2.55115E-03  1.17469E-04  6.59233E-05  5.67114E-05  3.96707E-06  6.58910E-08  4.27020E-10
      22.518766  4.79073E-02  8.92218E-01  5.69970E-02  2.61271E-03  1.35204E-04  6.87782E-05  5.64976E-05  4.12572E-06  7.03143E-08  4.65172E-10
      22.618849  4.92054E-02  8.90287E-01  5.75630E-02  2.64546E-03  1.64382E-04  7.22543E-05  5.77928E-05  4.35056E-06  7.56737E-08  5.10524E-10
      22.718932  4.71155E-02  8.92172E-01  5.77127E-02  2.66078E-03  1.96918E-04  7.63030E-05  6.11706E-05  4.65828E-06  8.20294E-08  5.62215E-10
      22.819016  4.24970E-02  8.96810E-01  5.76413E-02  2.67536E-03  2.23736E-04  8.05982E-05  6.68960E-05  5.05700E-06  8.93859E-08  6.19043E-10
      22.919099  3.69367E-02  9.02352E-01  5.76055E-02  2.70303E-03  2.37810E-04  8.46013E-05  7.48084E-05  5.54315E-06  9.77176E-08  6.80340E-10
      23.019183  3.22643E-02  9.06759E-01  5.78136E-02  2.74816E-03  2.36512E-04  8.77020E-05  8.42689E-05  6.09915E-06  1.06957E-07  7.46325E-10
      23.119266  3.00071E-02  9.08434E-01  5.83416E-02  2.80468E-03  2.22372E-04  8.93568E-05  9.42398E-05  6.69483E-06  1.16958E-07  8.17628E-10
      23.219349  3.09506E-02  9.06669E-01  5.91178E-02  2.86099E-03  2.01966E-04  8.92167E-05  1.03520E-04  7.29370E-06  1.27482E-07  8.94416E-10
      23.319433  3.49350E-02  9.01788E-01  5.99799E-02  2.90762E-03  1.83451E-04  8.72719E-05  1.11071E-04  7.86197E-06  1.38220E-07  9.75760E-10
      23.419516  4.09325E-02  8.94974E-01  6.07681E-02  2.94301E-03  1.73789E-04  8.40005E-05  1.16311E-04  8.37697E-06  1.48855E-07  1.05963E-09
      23.519600  4.73624E-02  8.87882E-01  6.13958E-02  2.97451E-03  1.76691E-04  8.04192E-05  1.19253E-04  8.83190E-06  1.59163E-07  1.14370E-09
      23.619683  5.25422E-02  8.82182E-01  6.18617E-02  3.01433E-03  1.91895E-04  7.79165E-05  1.20441E-04  9.23611E-06  1.69116E-07  1.22692E-09
      23.719766  5.51492E-02  8.79142E-01  6.22122E-02  3.07283E-03  2.15792E-04  7.78623E-05  1.20748E-04  9.61161E-06  1.78943E-07  1.31082E-09
      23.819850  5.45758E-02  8.79328E-01  6.24884E-02  3.15268E-03  2.42822E-04  8.11430E-05  1.21143E-04  9.98854E-06  1.89110E-07  1.39962E-09
      23.919933  5.10894E-02  8.82476E-01  6.27003E-02  3.24677E-03  2.66948E-04  8.78345E-05  1.22540E-04  1.04014E-05  2.00217E-07  1.49890E-09
      24.020017  4.57618E-02  8.87537E-01  6.28435E-02  3.34052E-03  2.82892E-04  9.71398E-05  1.25712E-04  1.08860E-05  2.12859E-07  1.61370E-09
      24.120100  4.01835E-02  8.92914E-01  6.29479E-02  3.41716E-03  2.87213E-04  1.07563E-04  1.31256E-04  1.14753E-05  2.27479E-07  1.74676E-09
      24.220183  3.60315E-02  8.96843E-01  6.31130E-02  3.46382E-03  2.79315E-04  1.17202E-04  1.39528E-04  1.21945E-05  2.44239E-07  1.89728E-09
      24.320267  3.45919E-02  8.97894E-01  6.34874E-02  3.47644E-03  2.62074E-04  1.24107E-04  1.50542E-04  1.30549E-05  2.62987E-07  2.06094E-09
      24.420350  3.63702E-02  8.95433E-01  6.41882E-02  3.46176E-03  2.41545E-04  1.26701E-04  1.63880E-04  1.40498E-05  2.83334E-07  2.23179E-09
      24.520434  4.09142E-02  8.89901E-01  6.52056E-02  3.43564E-03  2.25432E-04  1.24231E-04  1.78701E-04  1.51551E-05  3.04848E-07  2.40551E-09
      24.620517  4.69294E-02  8.82738E-01  6.63664E-02  3.41795E-03  2.20643E-04  1.17092E-04  1.93921E-04  1.63368E-05  3.27270E-07  2.58186E-09
      24.720601  5.26634E-02  8.75955E-01  6.73913E-02  3.42632E-03  2.30814E-04  1.06868E-04  2.08492E-04  1.75608E-05  3.50606E-07  2.76472E-09
      24.820684  5.64376E-02  8.71478E-01  6.80210E-02  3.47155E-03  2.54796E-04  9.60782E-05  2.21620E-04  1.87970E-05  3.75006E-07  2.95938E-09
      24.920767  5.71552E-02  8.70517E-01  6.81449E-02  3.55566E-03  2.86807E-04  8.76325E-05  2.32855E-04  2.00161E-05  4.00484E-07  3.16893E-09
      25.020851  5.46238E-02  8.73170E-01  6.78680E-02  3.67165E-03  3.18309E-04  8.40945E-05  2.42056E-04  2.11841E-05  4.26666E-07  3.39153E-09
      25.120934  4.96041E-02  8.78410E-01  6.74815E-02  3.80409E-03  3.40972E-04  8.69231E-05  2.49312E-04  2.22632E-05  4.52768E-07  3.62060E-09
      25.221018  4.35682E-02  8.84434E-01  6.73424E-02  3.93158E-03  3.49508E-04  9.60060E-05  2.54846E-04  2.32207E-05  4.77888E-07  3.84848E-09
      25.321101  3.82449E-02  8.89278E-01  6.77084E-02  4.03239E-03  3.43176E-04  1.09695E-04  2.58923E-04  2.40423E-05  5.01471E-07  4.07155E-09
      25.421184  3.50948E-02  8.91468E-01  6.86071E-02  4.09219E-03  3.25506E-04  1.25302E-04  2.61845E-04  2.47430E-05  5.23636E-07  4.29292E-09
      25.521268  3.48896E-02  8.90451E-01  6.98176E-02  4.10958E-03  3.02760E-04  1.39818E-04  2.64046E-04  2.53683E-05  5.45112E-07  4.52024E-09
      25.621351  3.75243E-02  8.86670E-01  7.09837E-02  4.09629E-03  2.82084E-04  1.50586E-04  2.66220E-04  2.59838E-05  5.66800E-07  4.75950E-09
      25.721435  4.20993E-02  8.81309E-01  7.17968E-02  4.07246E-03  2.69926E-04  1.55774E-04  2.69348E-04  2.66590E-05  5.89288E-07  5.00921E-09
      25.821518  4.72148E-02  8.75854E-01  7.21435E-02  4.05989E-03  2.70790E-04  1.54616E-04  2.74583E-04  2.74562E-05  6.12709E-07  5.25969E-09
      25.921601  5.13722E-02  8.71666E-01  7.21405E-02  4.07580E-03  2.86267E-04  1.47509E-04  2.83007E-04  2.84232E-05  6.37023E-07  5.49928E-09
      26.021685  5.33701E-02  8.69674E-01  7.20512E-02  4.12855E-03  3.14516E-04  1.35976E-04  2.95318E-04  2.95901E-05  6.62495E-07  5.72456E-09
      26.121768  5.26029E-02  8.70224E-01  7.21403E-02  4.21624E-03  3.50439E-04  1.22441E-04  3.11543E-04  3.09646E-05  6.89970E-07  5.94749E-09
      26.221852  4.92003E-02  8.73063E-01  7.25470E-02  4.32886E-03  3.86679E-04  1.09711E-04  3.30851E-04  3.25276E-05  7.20754E-07  6.19407E-09
      26.321935  4.39821E-02  8.77423E-01  7.32396E-02  4.45269E-03  4.15373E-04  1.00306E-04  3.51554E-04  3.42305E-05  7.56071E-07  6.49464E-09
      26.422018  3.82467E-02  8.82170E-01  7.40738E-02  4.57471E-03  4.30373E-04  9.58603E-05  3.71365E-04  3.59911E-05  7.96247E-07  6.86953E-09
      26.522102  3.34443E-02  8.86006E-01  7.49110E-02  4.68569E-03  4.29314E-04  9.68234E-05  3.87857E-04  3.76926E-05  8.39921E-07  7.31546E-09
      26.622185  3.08016E-02  8.87741E-01  7.57198E-02  4.78146E-03  4.14710E-04  1.02513E-04  3.99021E-04  3.91955E-05  8.83821E-07  7.79918E-09
      26.722269  3.09809E-02  8.86618E-01  7.65883E-02  4.86326E-03  3.93465E-04  1.11387E-04  4.03752E-04  4.03712E-05  9.23629E-07  8.26582E-09
      26.822352  3.38655E-02  8.82615E-01  7.76413E-02  4.93745E-03  3.74722E-04  1.21377E-04  4.02159E-04  4.11550E-05  9.55884E-07  8.66309E-09
      26.922435  3.85541E-02  8.76574E-01  7.89218E-02  5.01469E-03  3.66665E-04  1.30270E-04  3.95681E-04  4.15922E-05  9.80004E-07  8.97019E-09
      27.022519  4.35922E-02  8.70038E-01  8.03223E-02  5.10762E-03  3.73542E-04  1.36185E-04  3.86927E-04  4.18464E-05  9.99129E-07  9.21316E-09
      27.122602  4.73884E-02  8.64816E-01  8.16141E-02  5.22656E-03  3.94313E-04  1.38099E-04  3.79214E-04  4.21586E-05  1.01917E-06  9.45677E-09
