# population in each right-qubit level over  time for $\ket{\Psi(t=0)} = \ket{01}$ (integrated over all cavity levels)
#        t [ns]            0            1            2            3            4            5
       0.000000  6.66854E-03  9.93331E-01  1.08883E-31  1.64162E-31  2.80446E-31  2.20482E-31
       0.100050  6.66854E-03  9.93331E-01  8.22404E-19  1.61546E-31  3.16944E-31  1.82434E-31
       0.200100  6.66854E-03  9.93331E-01  1.13271E-16  1.65408E-31  3.55960E-31  1.40972E-31
       0.300150  6.66854E-03  9.93331E-01  2.37919E-15  2.19319E-30  3.23867E-31  1.76607E-31
       0.400200  6.66854E-03  9.93331E-01  2.05142E-14  1.46923E-28  2.84212E-31  2.20411E-31
       0.500250  6.66854E-03  9.93331E-01  1.05323E-13  3.73525E-27  3.12739E-31  1.87321E-31
       0.600300  6.66854E-03  9.93331E-01  3.84570E-13  4.80670E-26  3.50413E-31  1.42983E-31
       0.700350  6.66854E-03  9.93331E-01  1.10326E-12  3.83358E-25  3.28089E-31  1.72012E-31
       0.800400  6.66854E-03  9.93331E-01  2.64882E-12  2.15744E-24  2.89787E-31  2.18113E-31
       0.900450  6.66854E-03  9.93331E-01  5.56311E-12  9.37576E-24  3.10236E-31  1.92352E-31
       1.000500  6.66854E-03  9.93331E-01  1.05692E-11  3.36149E-23  3.52728E-31  1.45058E-31
       1.100550  6.66854E-03  9.93331E-01  1.86516E-11  1.04520E-22  3.30785E-31  1.68323E-31
       1.200600  6.66854E-03  9.93331E-01  3.12046E-11  2.92655E-22  2.90410E-31  2.14793E-31
       1.300650  6.66854E-03  9.93331E-01  5.02156E-11  7.58038E-22  3.13178E-31  1.96293E-31
       1.400700  6.66854E-03  9.93331E-01  7.84061E-11  1.84692E-21  3.72944E-31  1.48936E-31
       1.500750  6.66854E-03  9.93331E-01  1.19261E-10  4.26713E-21  4.12006E-31  1.64770E-31
       1.600800  6.66854E-03  9.93331E-01  1.76941E-10  9.37555E-21  5.28664E-31  2.11857E-31
       1.700850  6.66854E-03  9.93331E-01  2.56182E-10  1.96180E-20  1.03172E-30  1.98187E-31
       1.800900  6.66854E-03  9.93331E-01  3.62319E-10  3.91900E-20  2.37239E-30  1.53561E-31
       1.900950  6.66854E-03  9.93331E-01  5.01568E-10  7.50537E-20  5.73287E-30  1.62598E-31
       2.001001  6.66854E-03  9.93331E-01  6.81534E-10  1.38555E-19  1.38155E-29  2.08028E-31
       2.101051  6.66854E-03  9.93331E-01  9.11746E-10  2.47981E-19  3.26498E-29  2.00461E-31
       2.201101  6.66854E-03  9.93331E-01  1.20396E-09  4.32410E-19  7.48928E-29  1.56695E-31
       2.301151  6.66854E-03  9.93331E-01  1.57207E-09  7.37089E-19  1.66053E-28  1.63606E-31
       2.401201  6.66854E-03  9.93331E-01  2.03155E-09  1.23043E-18  3.57822E-28  2.03137E-31
       2.501251  6.66854E-03  9.93331E-01  2.59902E-09  2.01281E-18  7.47466E-28  2.00892E-31
       2.601301  6.66854E-03  9.93331E-01  3.29204E-09  3.22788E-18  1.51740E-27  1.60598E-31
       2.701351  6.66854E-03  9.93331E-01  4.12972E-09  5.07804E-18  2.99216E-27  1.63189E-31
       2.801401  6.66854E-03  9.93331E-01  5.13388E-09  7.84677E-18  5.74675E-27  2.02454E-31
       2.901451  6.66854E-03  9.93331E-01  6.33039E-09  1.19304E-17  1.07735E-26  1.97376E-31
       3.001501  6.66854E-03  9.93331E-01  7.74992E-09  1.78812E-17  1.97679E-26  1.62504E-31
       3.101551  6.66855E-03  9.93331E-01  9.42764E-09  2.64603E-17  3.55843E-26  1.63017E-31
       3.201601  6.66855E-03  9.93331E-01  1.14020E-08  3.86991E-17  6.29265E-26  2.00638E-31
       3.301651  6.66855E-03  9.93331E-01  1.37133E-08  5.59682E-17  1.09425E-25  1.99388E-31
       3.401701  6.66855E-03  9.93331E-01  1.64028E-08  8.00578E-17  1.87150E-25  1.59617E-31
       3.501751  6.66856E-03  9.93331E-01  1.95134E-08  1.13283E-16  3.14960E-25  1.64566E-31
       3.601801  6.66856E-03  9.93331E-01  2.30920E-08  1.58628E-16  5.21829E-25  2.00047E-31
       3.701851  6.66856E-03  9.93331E-01  2.71919E-08  2.19951E-16  8.51997E-25  2.02537E-31
       3.801901  6.66857E-03  9.93331E-01  3.18752E-08  3.02241E-16  1.37241E-24  1.65370E-31
       3.901951  6.66857E-03  9.93331E-01  3.72119E-08  4.11920E-16  2.18360E-24  1.64840E-31
       4.002001  6.66858E-03  9.93331E-01  4.32787E-08  5.57163E-16  3.43487E-24  2.13929E-31
       4.102051  6.66858E-03  9.93331E-01  5.01551E-08  7.48222E-16  5.34493E-24  2.24191E-31
       4.202101  6.66859E-03  9.93331E-01  5.79214E-08  9.97782E-16  8.23001E-24  2.03395E-31
       4.302151  6.66860E-03  9.93331E-01  6.66588E-08  1.32139E-15  1.25413E-23  2.24878E-31
       4.402201  6.66861E-03  9.93331E-01  7.64525E-08  1.73809E-15  1.89178E-23  3.16065E-31
       4.502251  6.66861E-03  9.93331E-01  8.73965E-08  2.27124E-15  2.82581E-23  4.13856E-31
       4.602301  6.66863E-03  9.93331E-01  9.95975E-08  2.94965E-15  4.18219E-23  5.09390E-31
       4.702351  6.66864E-03  9.93331E-01  1.13176E-07  3.80878E-15  6.13663E-23  7.26681E-31
       4.802401  6.66865E-03  9.93331E-01  1.28264E-07  4.89198E-15  8.93253E-23  1.13673E-30
       4.902451  6.66867E-03  9.93331E-01  1.45000E-07  6.25165E-15  1.29040E-22  1.75653E-30
       5.002501  6.66868E-03  9.93331E-01  1.63521E-07  7.95033E-15  1.85048E-22  2.67157E-30
       5.102551  6.66870E-03  9.93331E-01  1.83965E-07  1.00620E-14  2.63454E-22  4.14964E-30
       5.202601  6.66872E-03  9.93331E-01  2.06472E-07  1.26741E-14  3.72415E-22  6.52783E-30
       5.302651  6.66874E-03  9.93331E-01  2.31191E-07  1.58899E-14  5.22781E-22  1.01859E-29
       5.402701  6.66877E-03  9.93331E-01  2.58286E-07  1.98326E-14  7.28959E-22  1.57122E-29
       5.502751  6.66879E-03  9.93331E-01  2.87945E-07  2.46489E-14  1.01003E-21  2.41520E-29
       5.602801  6.66882E-03  9.93331E-01  3.20373E-07  3.05134E-14  1.39115E-21  3.69467E-29
       5.702851  6.66885E-03  9.93331E-01  3.55787E-07  3.76317E-14  1.90531E-21  5.61308E-29
       5.802901  6.66889E-03  9.93331E-01  3.94405E-07  4.62432E-14  2.59533E-21  8.46485E-29
       5.902951  6.66892E-03  9.93331E-01  4.36441E-07  5.66240E-14  3.51645E-21  1.26740E-28
       6.003002  6.66896E-03  9.93331E-01  4.82110E-07  6.90917E-14  4.73941E-21  1.88676E-28
       6.103052  6.66901E-03  9.93330E-01  5.31629E-07  8.40119E-14  6.35455E-21  2.78822E-28
       6.203102  6.66905E-03  9.93330E-01  5.85237E-07  1.01808E-13  8.47704E-21  4.09412E-28
       6.303152  6.66910E-03  9.93330E-01  6.43202E-07  1.22974E-13  1.12536E-20  5.97174E-28
       6.403202  6.66916E-03  9.93330E-01  7.05820E-07  1.48084E-13  1.48708E-20  8.65921E-28
       6.503252  6.66922E-03  9.93330E-01  7.73405E-07  1.77801E-13  1.95647E-20  1.24829E-27
       6.603302  6.66928E-03  9.93330E-01  8.46281E-07  2.12885E-13  2.56321E-20  1.78928E-27
       6.703352  6.66935E-03  9.93330E-01  9.24764E-07  2.54196E-13  3.34433E-20  2.55105E-27
       6.803402  6.66943E-03  9.93330E-01  1.00916E-06  3.02704E-13  4.34581E-20  3.61696E-27
       6.903452  6.66951E-03  9.93329E-01  1.09978E-06  3.59501E-13  5.62450E-20  5.10167E-27
       7.003502  6.66959E-03  9.93329E-01  1.19694E-06  4.25826E-13  7.25066E-20  7.15710E-27
       7.103552  6.66969E-03  9.93329E-01  1.30102E-06  5.03094E-13  9.31112E-20  9.99025E-27
       7.203602  6.66978E-03  9.93329E-01  1.41239E-06  5.92922E-13  1.19132E-19  1.38763E-26
       7.303652  6.66989E-03  9.93329E-01  1.53151E-06  6.97154E-13  1.51889E-19  1.91839E-26
       7.403702  6.67000E-03  9.93328E-01  1.65882E-06  8.17873E-13  1.93001E-19  2.64030E-26
       7.503752  6.67012E-03  9.93328E-01  1.79477E-06  9.57407E-13  2.44439E-19  3.61788E-26
       7.603802  6.67025E-03  9.93328E-01  1.93977E-06  1.11834E-12  3.08588E-19  4.93625E-26
       7.703852  6.67038E-03  9.93328E-01  2.09425E-06  1.30354E-12  3.88325E-19  6.70611E-26
       7.803902  6.67053E-03  9.93327E-01  2.25863E-06  1.51619E-12  4.87118E-19  9.07239E-26
       7.903952  6.67068E-03  9.93327E-01  2.43337E-06  1.75986E-12  6.09147E-19  1.22227E-25
       8.004002  6.67085E-03  9.93327E-01  2.61899E-06  2.03860E-12  7.59457E-19  1.64013E-25
       8.104052  6.67102E-03  9.93326E-01  2.81606E-06  2.35694E-12  9.44129E-19  2.19240E-25
       8.204102  6.67121E-03  9.93326E-01  3.02517E-06  2.71998E-12  1.17046E-18  2.91979E-25
       8.304152  6.67140E-03  9.93325E-01  3.24692E-06  3.13333E-12  1.44715E-18  3.87462E-25
       8.404202  6.67161E-03  9.93325E-01  3.48187E-06  3.60317E-12  1.78455E-18  5.12360E-25
       8.504252  6.67183E-03  9.93324E-01  3.73058E-06  4.13626E-12  2.19486E-18  6.75162E-25
       8.604302  6.67206E-03  9.93324E-01  3.99358E-06  4.73998E-12  2.69251E-18  8.86617E-25
       8.704352  6.67230E-03  9.93323E-01  4.27146E-06  5.42253E-12  3.29453E-18  1.16034E-24
       8.804402  6.67256E-03  9.93323E-01  4.56484E-06  6.19301E-12  4.02109E-18  1.51351E-24
       8.904452  6.67284E-03  9.93322E-01  4.87443E-06  7.06157E-12  4.89604E-18  1.96784E-24
       9.004502  6.67313E-03  9.93322E-01  5.20100E-06  8.03947E-12  5.94753E-18  2.55062E-24
       9.104552  6.67343E-03  9.93321E-01  5.54530E-06  9.13912E-12  7.20862E-18  3.29610E-24
       9.204602  6.67375E-03  9.93320E-01  5.90809E-06  1.03740E-11  8.71790E-18  4.24696E-24
       9.304652  6.67409E-03  9.93320E-01  6.29005E-06  1.17587E-11  1.05203E-17  5.45625E-24
       9.404702  6.67444E-03  9.93319E-01  6.69188E-06  1.33089E-11  1.26678E-17  6.98965E-24
       9.504752  6.67481E-03  9.93318E-01  7.11426E-06  1.50420E-11  1.52209E-17  8.92843E-24
       9.604802  6.67520E-03  9.93317E-01  7.55795E-06  1.69767E-11  1.82501E-17  1.13730E-23
       9.704852  6.67561E-03  9.93316E-01  8.02381E-06  1.91341E-11  2.18373E-17  1.44473E-23
       9.804902  6.67605E-03  9.93315E-01  8.51274E-06  2.15371E-11  2.60778E-17  1.83043E-23
       9.904952  6.67650E-03  9.93314E-01  9.02572E-06  2.42111E-11  3.10822E-17  2.31317E-23
      10.005003  6.67697E-03  9.93313E-01  9.56367E-06  2.71831E-11  3.69776E-17  2.91594E-23
      10.105053  6.67747E-03  9.93312E-01  1.01275E-05  3.04826E-11  4.39103E-17  3.66673E-23
      10.205103  6.67799E-03  9.93311E-01  1.07180E-05  3.41408E-11  5.20472E-17  4.59958E-23
      10.305153  6.67854E-03  9.93310E-01  1.13360E-05  3.81915E-11  6.15793E-17  5.75572E-23
      10.405203  6.67911E-03  9.93309E-01  1.19824E-05  4.26714E-11  7.27259E-17  7.18521E-23
      10.505253  6.67970E-03  9.93308E-01  1.26582E-05  4.76205E-11  8.57388E-17  8.94868E-23
      10.605303  6.68033E-03  9.93306E-01  1.33645E-05  5.30830E-11  1.00907E-16  1.11196E-22
      10.705353  6.68098E-03  9.93305E-01  1.41024E-05  5.91068E-11  1.18562E-16  1.37866E-22
      10.805403  6.68166E-03  9.93303E-01  1.48731E-05  6.57435E-11  1.39082E-16  1.70565E-22
      10.905453  6.68237E-03  9.93302E-01  1.56776E-05  7.30482E-11  1.62894E-16  2.10573E-22
      11.005503  6.68311E-03  9.93300E-01  1.65170E-05  8.10795E-11  1.90483E-16  2.59419E-22
      11.105553  6.68388E-03  9.93299E-01  1.73922E-05  8.98996E-11  2.22395E-16  3.18928E-22
      11.205603  6.68468E-03  9.93297E-01  1.83042E-05  9.95755E-11  2.59249E-16  3.91275E-22
      11.305653  6.68552E-03  9.93295E-01  1.92542E-05  1.10180E-10  3.01748E-16  4.79056E-22
      11.405703  6.68639E-03  9.93293E-01  2.02434E-05  1.21792E-10  3.50689E-16  5.85363E-22
      11.505753  6.68730E-03  9.93291E-01  2.12730E-05  1.34498E-10  4.06976E-16  7.13880E-22
      11.605803  6.68825E-03  9.93289E-01  2.23446E-05  1.48390E-10  4.71633E-16  8.68974E-22
      11.705853  6.68923E-03  9.93287E-01  2.34594E-05  1.63566E-10  5.45805E-16  1.05581E-21
      11.805903  6.69025E-03  9.93285E-01  2.46186E-05  1.80130E-10  6.30778E-16  1.28047E-21
      11.905953  6.69131E-03  9.93283E-01  2.58233E-05  1.98191E-10  7.27986E-16  1.55012E-21
      12.006003  6.69242E-03  9.93281E-01  2.70747E-05  2.17865E-10  8.39033E-16  1.87316E-21
      12.106053  6.69356E-03  9.93278E-01  2.83740E-05  2.39278E-10  9.65722E-16  2.25947E-21
      12.206103  6.69475E-03  9.93276E-01  2.97225E-05  2.62564E-10  1.11008E-15  2.72068E-21
      12.306153  6.69599E-03  9.93273E-01  3.11218E-05  2.87870E-10  1.27438E-15  3.27044E-21
      12.406203  6.69727E-03  9.93270E-01  3.25735E-05  3.15353E-10  1.46117E-15  3.92476E-21
      12.506253  6.69860E-03  9.93267E-01  3.40790E-05  3.45179E-10  1.67330E-15  4.70232E-21
      12.606303  6.69997E-03  9.93264E-01  3.56399E-05  3.77523E-10  1.91392E-15  5.62487E-21
      12.706353  6.70140E-03  9.93261E-01  3.72574E-05  4.12569E-10  2.18652E-15  6.71766E-21
      12.806403  6.70287E-03  9.93258E-01  3.89327E-05  4.50509E-10  2.49496E-15  8.01001E-21
      12.906453  6.70440E-03  9.93255E-01  4.06673E-05  4.91548E-10  2.84354E-15  9.53590E-21
      13.006503  6.70599E-03  9.93252E-01  4.24626E-05  5.35908E-10  3.23704E-15  1.13348E-20
      13.106553  6.70762E-03  9.93248E-01  4.43202E-05  5.83826E-10  3.68079E-15  1.34527E-20
      13.206603  6.70932E-03  9.93244E-01  4.62419E-05  6.35557E-10  4.18071E-15  1.59426E-20
      13.306653  6.71107E-03  9.93241E-01  4.82295E-05  6.91371E-10  4.74338E-15  1.88659E-20
      13.406703  6.71288E-03  9.93237E-01  5.02847E-05  7.51551E-10  5.37602E-15  2.22933E-20
      13.506753  6.71476E-03  9.93233E-01  5.24089E-05  8.16392E-10  6.08656E-15  2.63062E-20
      13.606803  6.71669E-03  9.93229E-01  5.46036E-05  8.86202E-10  6.88373E-15  3.09976E-20
      13.706853  6.71869E-03  9.93224E-01  5.68701E-05  9.61305E-10  7.77710E-15  3.64744E-20
      13.806903  6.72076E-03  9.93220E-01  5.92101E-05  1.04205E-09  8.77726E-15  4.28593E-20
      13.906953  6.72289E-03  9.93215E-01  6.16253E-05  1.12880E-09  9.89591E-15  5.02934E-20
      14.007004  6.72508E-03  9.93211E-01  6.41176E-05  1.22196E-09  1.11460E-14  5.89383E-20
      14.107054  6.72735E-03  9.93206E-01  6.66890E-05  1.32194E-09  1.25417E-14  6.89793E-20
      14.207104  6.72969E-03  9.93201E-01  6.93414E-05  1.42920E-09  1.40987E-14  8.06277E-20
      14.307154  6.73210E-03  9.93196E-01  7.20766E-05  1.54418E-09  1.58340E-14  9.41237E-20
      14.407204  6.73458E-03  9.93191E-01  7.48961E-05  1.66736E-09  1.77660E-14  1.09740E-19
      14.507254  6.73714E-03  9.93185E-01  7.78014E-05  1.79924E-09  1.99149E-14  1.27787E-19
      14.607304  6.73978E-03  9.93179E-01  8.07941E-05  1.94034E-09  2.23030E-14  1.48617E-19
      14.707354  6.74250E-03  9.93174E-01  8.38760E-05  2.09121E-09  2.49544E-14  1.72630E-19
      14.807404  6.74530E-03  9.93168E-01  8.70493E-05  2.25246E-09  2.78957E-14  2.00282E-19
      14.907454  6.74818E-03  9.93161E-01  9.03160E-05  2.42471E-09  3.11563E-14  2.32089E-19
      15.007504  6.75115E-03  9.93155E-01  9.36783E-05  2.60862E-09  3.47678E-14  2.68637E-19
      15.107554  6.75420E-03  9.93149E-01  9.71382E-05  2.80489E-09  3.87647E-14  3.10586E-19
      15.207604  6.75733E-03  9.93142E-01  1.00697E-04  3.01422E-09  4.31845E-14  3.58678E-19
      15.307654  6.76056E-03  9.93135E-01  1.04357E-04  3.23735E-09  4.80674E-14  4.13750E-19
      15.407704  6.76387E-03  9.93128E-01  1.08120E-04  3.47503E-09  5.34573E-14  4.76741E-19
      15.507754  6.76728E-03  9.93121E-01  1.11987E-04  3.72809E-09  5.94021E-14  5.48712E-19
      15.607804  6.77079E-03  9.93113E-01  1.15961E-04  3.99738E-09  6.59538E-14  6.30858E-19
      15.707854  6.77439E-03  9.93106E-01  1.20043E-04  4.28383E-09  7.31692E-14  7.24526E-19
      15.807904  6.77808E-03  9.93098E-01  1.24236E-04  4.58840E-09  8.11102E-14  8.31227E-19
      15.907954  6.78188E-03  9.93090E-01  1.28543E-04  4.91209E-09  8.98433E-14  9.52656E-19
      16.008004  6.78578E-03  9.93081E-01  1.32965E-04  5.25592E-09  9.94402E-14  1.09070E-18
      16.108054  6.78978E-03  9.93073E-01  1.37505E-04  5.62094E-09  1.09978E-13  1.24748E-18
      16.208104  6.79388E-03  9.93064E-01  1.42162E-04  6.00826E-09  1.21540E-13  1.42534E-18
      16.308154  6.79809E-03  9.93055E-01  1.46941E-04  6.41901E-09  1.34215E-13  1.62692E-18
      16.408204  6.80241E-03  9.93046E-01  1.51842E-04  6.85442E-09  1.48101E-13  1.85515E-18
      16.508254  6.80684E-03  9.93036E-01  1.56868E-04  7.31578E-09  1.63304E-13  2.11334E-18
      16.608304  6.81139E-03  9.93027E-01  1.62021E-04  7.80444E-09  1.79938E-13  2.40514E-18
      16.708354  6.81604E-03  9.93017E-01  1.67304E-04  8.32183E-09  1.98126E-13  2.73466E-18
      16.808404  6.82082E-03  9.93006E-01  1.72720E-04  8.86938E-09  2.18000E-13  3.10641E-18
      16.908454  6.82571E-03  9.92996E-01  1.78269E-04  9.44857E-09  2.39701E-13  3.52543E-18
      17.008504  6.83072E-03  9.92985E-01  1.83954E-04  1.00609E-08  2.63379E-13  3.99727E-18
      17.108554  6.83585E-03  9.92974E-01  1.89777E-04  1.07080E-08  2.89196E-13  4.52809E-18
      17.208604  6.84111E-03  9.92963E-01  1.95739E-04  1.13916E-08  3.17327E-13  5.12472E-18
      17.308654  6.84649E-03  9.92952E-01  2.01843E-04  1.21133E-08  3.47959E-13  5.79477E-18
      17.408704  6.85199E-03  9.92940E-01  2.08091E-04  1.28750E-08  3.81296E-13  6.54666E-18
      17.508754  6.85763E-03  9.92928E-01  2.14486E-04  1.36788E-08  4.17557E-13  7.38971E-18
      17.608804  6.86339E-03  9.92916E-01  2.21031E-04  1.45265E-08  4.56973E-13  8.33420E-18
      17.708854  6.86929E-03  9.92903E-01  2.27728E-04  1.54202E-08  4.99792E-13  9.39145E-18
      17.808904  6.87533E-03  9.92890E-01  2.34578E-04  1.63620E-08  5.46277E-13  1.05739E-17
      17.908954  6.88150E-03  9.92877E-01  2.41583E-04  1.73541E-08  5.96709E-13  1.18951E-17
      18.009005  6.88782E-03  9.92863E-01  2.48744E-04  1.83985E-08  6.51388E-13  1.33703E-17
      18.109055  6.89427E-03  9.92850E-01  2.56065E-04  1.94978E-08  7.10636E-13  1.50161E-17
      18.209105  6.90087E-03  9.92836E-01  2.63548E-04  2.06543E-08  7.74803E-13  1.68508E-17
      18.309155  6.90760E-03  9.92821E-01  2.71196E-04  2.18708E-08  8.44258E-13  1.88945E-17
      18.409205  6.91449E-03  9.92806E-01  2.79011E-04  2.31498E-08  9.19399E-13  2.11696E-17
      18.509255  6.92152E-03  9.92791E-01  2.86996E-04  2.44941E-08  1.00064E-12  2.37001E-17
      18.609305  6.92871E-03  9.92776E-01  2.95151E-04  2.59064E-08  1.08844E-12  2.65126E-17
      18.709355  6.93604E-03  9.92760E-01  3.03481E-04  2.73896E-08  1.18325E-12  2.96359E-17
      18.809405  6.94354E-03  9.92744E-01  3.11985E-04  2.89466E-08  1.28558E-12  3.31018E-17
      18.909455  6.95118E-03  9.92728E-01  3.20666E-04  3.05804E-08  1.39596E-12  3.69449E-17
      19.009505  6.95899E-03  9.92711E-01  3.29526E-04  3.22943E-08  1.51496E-12  4.12034E-17
      19.109555  6.96696E-03  9.92694E-01  3.38569E-04  3.40918E-08  1.64321E-12  4.59189E-17
      19.209605  6.97510E-03  9.92677E-01  3.47798E-04  3.59763E-08  1.78134E-12  5.11370E-17
      19.309655  6.98339E-03  9.92659E-01  3.57214E-04  3.79514E-08  1.93006E-12  5.69074E-17
      19.409705  6.99186E-03  9.92641E-01  3.66820E-04  4.00207E-08  2.09007E-12  6.32839E-17
      19.509755  7.00049E-03  9.92623E-01  3.76618E-04  4.21879E-08  2.26214E-12  7.03250E-17
      19.609805  7.00929E-03  9.92604E-01  3.86609E-04  4.44567E-08  2.44709E-12  7.80944E-17
      19.709855  7.01826E-03  9.92585E-01  3.96795E-04  4.68310E-08  2.64576E-12  8.66612E-17
      19.809905  7.02740E-03  9.92565E-01  4.07178E-04  4.93151E-08  2.85907E-12  9.61013E-17
      19.909955  7.03673E-03  9.92545E-01  4.17762E-04  5.19132E-08  3.08800E-12  1.06497E-16
      20.010005  7.04623E-03  9.92525E-01  4.28549E-04  5.46299E-08  3.33359E-12  1.17939E-16
      20.110055  7.05592E-03  9.92504E-01  4.39543E-04  5.74698E-08  3.59693E-12  1.30523E-16
      20.210105  7.06578E-03  9.92483E-01  4.50744E-04  6.04376E-08  3.87917E-12  1.44355E-16
      20.310155  7.07584E-03  9.92462E-01  4.62156E-04  6.35379E-08  4.18151E-12  1.59550E-16
      20.410205  7.08608E-03  9.92440E-01  4.73780E-04  6.67755E-08  4.50521E-12  1.76229E-16
      20.510255  7.09651E-03  9.92418E-01  4.85616E-04  7.01552E-08  4.85161E-12  1.94525E-16
      20.610305  7.10712E-03  9.92395E-01  4.97668E-04  7.36824E-08  5.22212E-12  2.14583E-16
      20.710355  7.11793E-03  9.92372E-01  5.09939E-04  7.73624E-08  5.61828E-12  2.36560E-16
      20.810405  7.12893E-03  9.92349E-01  5.22431E-04  8.12010E-08  6.04167E-12  2.60627E-16
      20.910455  7.14013E-03  9.92325E-01  5.35147E-04  8.52040E-08  6.49399E-12  2.86966E-16
      21.010505  7.15153E-03  9.92300E-01  5.48090E-04  8.93774E-08  6.97701E-12  3.15775E-16
      21.110555  7.16312E-03  9.92276E-01  5.61262E-04  9.37271E-08  7.49257E-12  3.47268E-16
      21.210605  7.17493E-03  9.92250E-01  5.74663E-04  9.82588E-08  8.04261E-12  3.81672E-16
      21.310655  7.18694E-03  9.92225E-01  5.88297E-04  1.02979E-07  8.62915E-12  4.19234E-16
      21.410705  7.19915E-03  9.92199E-01  6.02164E-04  1.07893E-07  9.25434E-12  4.60220E-16
      21.510755  7.21158E-03  9.92172E-01  6.16267E-04  1.13009E-07  9.92047E-12  5.04916E-16
      21.610805  7.22421E-03  9.92145E-01  6.30609E-04  1.18334E-07  1.06299E-11  5.53634E-16
      21.710855  7.23706E-03  9.92118E-01  6.45194E-04  1.23874E-07  1.13853E-11  6.06709E-16
      21.810905  7.25011E-03  9.92090E-01  6.60024E-04  1.29637E-07  1.21893E-11  6.64500E-16
      21.910955  7.26339E-03  9.92061E-01  6.75101E-04  1.35631E-07  1.30445E-11  7.27390E-16
      22.011006  7.27688E-03  9.92033E-01  6.90426E-04  1.41863E-07  1.39540E-11  7.95792E-16
      22.111056  7.29059E-03  9.92003E-01  7.06002E-04  1.48340E-07  1.49207E-11  8.70144E-16
      22.211106  7.30453E-03  9.91973E-01  7.21829E-04  1.55070E-07  1.59477E-11  9.50921E-16
      22.311156  7.31869E-03  9.91943E-01  7.37910E-04  1.62061E-07  1.70386E-11  1.03863E-15
      22.411206  7.33308E-03  9.91913E-01  7.54248E-04  1.69322E-07  1.81967E-11  1.13383E-15
      22.511256  7.34770E-03  9.91881E-01  7.70847E-04  1.76861E-07  1.94259E-11  1.23709E-15
      22.611306  7.36255E-03  9.91850E-01  7.87708E-04  1.84689E-07  2.07300E-11  1.34907E-15
      22.711356  7.37763E-03  9.91817E-01  8.04836E-04  1.92813E-07  2.21132E-11  1.47042E-15
      22.811406  7.39295E-03  9.91785E-01  8.22230E-04  2.01243E-07  2.35796E-11  1.60187E-15
      22.911456  7.40850E-03  9.91751E-01  8.39893E-04  2.09988E-07  2.51336E-11  1.74418E-15
      23.011506  7.42428E-03  9.91718E-01  8.57825E-04  2.19058E-07  2.67799E-11  1.89816E-15
      23.111556  7.44031E-03  9.91683E-01  8.76030E-04  2.28461E-07  2.85231E-11  2.06470E-15
      23.211606  7.45658E-03  9.91649E-01  8.94509E-04  2.38209E-07  3.03685E-11  2.24473E-15
      23.311656  7.47309E-03  9.91613E-01  9.13266E-04  2.48312E-07  3.23215E-11  2.43928E-15
      23.411706  7.48985E-03  9.91578E-01  9.32304E-04  2.58781E-07  3.43876E-11  2.64940E-15
      23.511756  7.50687E-03  9.91541E-01  9.51626E-04  2.69628E-07  3.65728E-11  2.87626E-15
      23.611806  7.52413E-03  9.91504E-01  9.71234E-04  2.80863E-07  3.88831E-11  3.12107E-15
      23.711856  7.54165E-03  9.91467E-01  9.91129E-04  2.92497E-07  4.13247E-11  3.38512E-15
      23.811906  7.55942E-03  9.91429E-01  1.01131E-03  3.04541E-07  4.39041E-11  3.66978E-15
      23.911956  7.57744E-03  9.91390E-01  1.03178E-03  3.17007E-07  4.66282E-11  3.97653E-15
      24.012006  7.59572E-03  9.91351E-01  1.05255E-03  3.29907E-07  4.95042E-11  4.30693E-15
      24.112056  7.61426E-03  9.91312E-01  1.07361E-03  3.43254E-07  5.25397E-11  4.66268E-15
      24.212106  7.63306E-03  9.91272E-01  1.09497E-03  3.57062E-07  5.57426E-11  5.04555E-15
      24.312156  7.65213E-03  9.91231E-01  1.11663E-03  3.71343E-07  5.91214E-11  5.45746E-15
      24.412206  7.67146E-03  9.91190E-01  1.13860E-03  3.86112E-07  6.26844E-11  5.90042E-15
      24.512256  7.69106E-03  9.91148E-01  1.16087E-03  4.01380E-07  6.64405E-11  6.37656E-15
      24.612306  7.71094E-03  9.91105E-01  1.18345E-03  4.17162E-07  7.03988E-11  6.88814E-15
      24.712356  7.73109E-03  9.91062E-01  1.20634E-03  4.33471E-07  7.45688E-11  7.43756E-15
      24.812406  7.75152E-03  9.91018E-01  1.22954E-03  4.50321E-07  7.89605E-11  8.02738E-15
      24.912456  7.77222E-03  9.90974E-01  1.25306E-03  4.67727E-07  8.35845E-11  8.66034E-15
      25.012506  7.79320E-03  9.90929E-01  1.27689E-03  4.85706E-07  8.84518E-11  9.33934E-15
      25.112556  7.81445E-03  9.90884E-01  1.30104E-03  5.04274E-07  9.35741E-11  1.00675E-14
      25.212606  7.83599E-03  9.90838E-01  1.32551E-03  5.23446E-07  9.89631E-11  1.08480E-14
      25.312656  7.85781E-03  9.90791E-01  1.35031E-03  5.43238E-07  1.04631E-10  1.16844E-14
      25.412706  7.87992E-03  9.90744E-01  1.37544E-03  5.63666E-07  1.10591E-10  1.25802E-14
      25.512756  7.90232E-03  9.90696E-01  1.40089E-03  5.84746E-07  1.16855E-10  1.35394E-14
      25.612806  7.92501E-03  9.90648E-01  1.42667E-03  6.06494E-07  1.23437E-10  1.45659E-14
      25.712856  7.94800E-03  9.90599E-01  1.45279E-03  6.28929E-07  1.30352E-10  1.56642E-14
      25.812906  7.97129E-03  9.90549E-01  1.47924E-03  6.52070E-07  1.37615E-10  1.68389E-14
      25.912956  7.99487E-03  9.90498E-01  1.50604E-03  6.75934E-07  1.45242E-10  1.80949E-14
      26.013007  8.01876E-03  9.90447E-01  1.53317E-03  7.00542E-07  1.53249E-10  1.94373E-14
      26.113057  8.04294E-03  9.90396E-01  1.56065E-03  7.25913E-07  1.61653E-10  2.08716E-14
      26.213107  8.06743E-03  9.90343E-01  1.58848E-03  7.52064E-07  1.70471E-10  2.24036E-14
      26.313157  8.09222E-03  9.90290E-01  1.61665E-03  7.79015E-07  1.79720E-10  2.40392E-14
      26.413207  8.11732E-03  9.90237E-01  1.64518E-03  8.06786E-07  1.89420E-10  2.57850E-14
      26.513257  8.14273E-03  9.90182E-01  1.67406E-03  8.35396E-07  1.99590E-10  2.76476E-14
      26.613307  8.16845E-03  9.90127E-01  1.70329E-03  8.64869E-07  2.10250E-10  2.96343E-14
      26.713357  8.19450E-03  9.90072E-01  1.73288E-03  8.95226E-07  2.21423E-10  3.17527E-14
      26.813407  8.22086E-03  9.90015E-01  1.76284E-03  9.26491E-07  2.33129E-10  3.40110E-14
      26.913457  8.24755E-03  9.89958E-01  1.79316E-03  9.58685E-07  2.45391E-10  3.64176E-14
      27.013507  8.27456E-03  9.89901E-01  1.82386E-03  9.91833E-07  2.58234E-10  3.89814E-14
      27.113557  8.30189E-03  9.89842E-01  1.85492E-03  1.02595E-06  2.71681E-10  4.17118E-14
      27.213607  8.32955E-03  9.89783E-01  1.88635E-03  1.06107E-06  2.85757E-10  4.46186E-14
      27.313657  8.35754E-03  9.89723E-01  1.91816E-03  1.09721E-06  3.00489E-10  4.77123E-14
      27.413707  8.38586E-03  9.89663E-01  1.95034E-03  1.13440E-06  3.15902E-10  5.10039E-14
      27.513757  8.41451E-03  9.89601E-01  1.98291E-03  1.17266E-06  3.32027E-10  5.45053E-14
      27.613807  8.44350E-03  9.89539E-01  2.01586E-03  1.21202E-06  3.48894E-10  5.82289E-14
      27.713857  8.47283E-03  9.89477E-01  2.04920E-03  1.25251E-06  3.66532E-10  6.21876E-14
      27.813907  8.50251E-03  9.89413E-01  2.08293E-03  1.29415E-06  3.84973E-10  6.63950E-14
      27.913957  8.53254E-03  9.89349E-01  2.11705E-03  1.33698E-06  4.04250E-10  7.08656E-14
      28.014007  8.56291E-03  9.89284E-01  2.15157E-03  1.38101E-06  4.24396E-10  7.56143E-14
      28.114057  8.59364E-03  9.89218E-01  2.18649E-03  1.42628E-06  4.45445E-10  8.06569E-14
      28.214107  8.62472E-03  9.89152E-01  2.22181E-03  1.47281E-06  4.67434E-10  8.60103E-14
      28.314157  8.65616E-03  9.89085E-01  2.25753E-03  1.52064E-06  4.90401E-10  9.16923E-14
      28.414207  8.68796E-03  9.89017E-01  2.29366E-03  1.56979E-06  5.14386E-10  9.77217E-14
      28.514257  8.72011E-03  9.88948E-01  2.33021E-03  1.62031E-06  5.39431E-10  1.04118E-13
      28.614307  8.75262E-03  9.88879E-01  2.36717E-03  1.67222E-06  5.65576E-10  1.10903E-13
      28.714357  8.78551E-03  9.88808E-01  2.40456E-03  1.72555E-06  5.92866E-10  1.18096E-13
      28.814407  8.81876E-03  9.88737E-01  2.44236E-03  1.78034E-06  6.21345E-10  1.25722E-13
      28.914457  8.85239E-03  9.88665E-01  2.48059E-03  1.83662E-06  6.51057E-10  1.33804E-13
      29.014507  8.88640E-03  9.88592E-01  2.51924E-03  1.89442E-06  6.82053E-10  1.42366E-13
      29.114557  8.92080E-03  9.88519E-01  2.55832E-03  1.95377E-06  7.14381E-10  1.51436E-13
      29.214607  8.95558E-03  9.88445E-01  2.59784E-03  2.01473E-06  7.48095E-10  1.61043E-13
      29.314657  8.99074E-03  9.88369E-01  2.63781E-03  2.07732E-06  7.83250E-10  1.71214E-13
      29.414707  9.02630E-03  9.88293E-01  2.67821E-03  2.14158E-06  8.19902E-10  1.81982E-13
      29.514757  9.06224E-03  9.88216E-01  2.71907E-03  2.20756E-06  8.58108E-10  1.93379E-13
      29.614807  9.09858E-03  9.88139E-01  2.76038E-03  2.27529E-06  8.97927E-10  2.05439E-13
      29.714857  9.13531E-03  9.88060E-01  2.80213E-03  2.34480E-06  9.39419E-10  2.18197E-13
      29.814907  9.17245E-03  9.87981E-01  2.84435E-03  2.41614E-06  9.82648E-10  2.31690E-13
      29.914957  9.20999E-03  9.87900E-01  2.88702E-03  2.48935E-06  1.02768E-09  2.45959E-13
      30.015008  9.24795E-03  9.87819E-01  2.93016E-03  2.56447E-06  1.07459E-09  2.61044E-13
      30.115058  9.28632E-03  9.87737E-01  2.97378E-03  2.64156E-06  1.12344E-09  2.76991E-13
      30.215108  9.32512E-03  9.87654E-01  3.01786E-03  2.72065E-06  1.17431E-09  2.93845E-13
      30.315158  9.36433E-03  9.87570E-01  3.06243E-03  2.80179E-06  1.22728E-09  3.11654E-13
      30.415208  9.40397E-03  9.87486E-01  3.10749E-03  2.88504E-06  1.28242E-09  3.30468E-13
      30.515258  9.44404E-03  9.87400E-01  3.15302E-03  2.97042E-06  1.33981E-09  3.50341E-13
      30.615308  9.48454E-03  9.87313E-01  3.19905E-03  3.05799E-06  1.39955E-09  3.71326E-13
      30.715358  9.52547E-03  9.87226E-01  3.24557E-03  3.14780E-06  1.46170E-09  3.93483E-13
      30.815408  9.56684E-03  9.87137E-01  3.29259E-03  3.23990E-06  1.52638E-09  4.16874E-13
      30.915458  9.60865E-03  9.87048E-01  3.34012E-03  3.33435E-06  1.59366E-09  4.41562E-13
      31.015508  9.65091E-03  9.86957E-01  3.38815E-03  3.43120E-06  1.66366E-09  4.67617E-13
      31.115558  9.69363E-03  9.86866E-01  3.43671E-03  3.53051E-06  1.73647E-09  4.95110E-13
      31.215608  9.73680E-03  9.86774E-01  3.48578E-03  3.63233E-06  1.81219E-09  5.24114E-13
      31.315658  9.78045E-03  9.86680E-01  3.53538E-03  3.73671E-06  1.89093E-09  5.54707E-13
      31.415708  9.82455E-03  9.86586E-01  3.58551E-03  3.84372E-06  1.97280E-09  5.86970E-13
      31.515758  9.86913E-03  9.86491E-01  3.63616E-03  3.95340E-06  2.05792E-09  6.20989E-13
      31.615808  9.91419E-03  9.86394E-01  3.68735E-03  4.06581E-06  2.14640E-09  6.56853E-13
      31.715858  9.95972E-03  9.86297E-01  3.73909E-03  4.18104E-06  2.23837E-09  6.94659E-13
      31.815908  1.00057E-02  9.86199E-01  3.79138E-03  4.29913E-06  2.33396E-09  7.34506E-13
      31.915958  1.00522E-02  9.86099E-01  3.84422E-03  4.42016E-06  2.43331E-09  7.76499E-13
      32.016008  1.00992E-02  9.85999E-01  3.89763E-03  4.54420E-06  2.53654E-09  8.20747E-13
      32.116058  1.01467E-02  9.85897E-01  3.95160E-03  4.67130E-06  2.64381E-09  8.67364E-13
      32.216108  1.01947E-02  9.85794E-01  4.00615E-03  4.80154E-06  2.75524E-09  9.16467E-13
      32.316158  1.02432E-02  9.85691E-01  4.06126E-03  4.93498E-06  2.87101E-09  9.68183E-13
      32.416208  1.02922E-02  9.85586E-01  4.11696E-03  5.07169E-06  2.99125E-09  1.02264E-12
      32.516258  1.03417E-02  9.85480E-01  4.17324E-03  5.21175E-06  3.11613E-09  1.07998E-12
      32.616308  1.03918E-02  9.85373E-01  4.23012E-03  5.35524E-06  3.24584E-09  1.14035E-12
      32.716358  1.04424E-02  9.85265E-01  4.28760E-03  5.50224E-06  3.38054E-09  1.20391E-12
      32.816408  1.04935E-02  9.85155E-01  4.34569E-03  5.65283E-06  3.52041E-09  1.27080E-12
      32.916458  1.05452E-02  9.85045E-01  4.40439E-03  5.80709E-06  3.66564E-09  1.34121E-12
      33.016508  1.05974E-02  9.84933E-01  4.46371E-03  5.96510E-06  3.81642E-09  1.41529E-12
      33.116558  1.06501E-02  9.84820E-01  4.52365E-03  6.12693E-06  3.97294E-09  1.49324E-12
      33.216608  1.07034E-02  9.84706E-01  4.58422E-03  6.29267E-06  4.13542E-09  1.57524E-12
      33.316658  1.07573E-02  9.84591E-01  4.64543E-03  6.46242E-06  4.30405E-09  1.66150E-12
      33.416708  1.08117E-02  9.84474E-01  4.70728E-03  6.63626E-06  4.47908E-09  1.75223E-12
      33.516758  1.08667E-02  9.84357E-01  4.76978E-03  6.81430E-06  4.66073E-09  1.84765E-12
      33.616808  1.09223E-02  9.84238E-01  4.83294E-03  6.99663E-06  4.84925E-09  1.94800E-12
      33.716858  1.09785E-02  9.84118E-01  4.89677E-03  7.18334E-06  5.04487E-09  2.05352E-12
      33.816908  1.10353E-02  9.83996E-01  4.96127E-03  7.37453E-06  5.24784E-09  2.16445E-12
      33.916958  1.10927E-02  9.83873E-01  5.02645E-03  7.57029E-06  5.45843E-09  2.28108E-12
      34.017009  1.11507E-02  9.83749E-01  5.09231E-03  7.77073E-06  5.67689E-09  2.40366E-12
      34.117059  1.12092E-02  9.83624E-01  5.15886E-03  7.97595E-06  5.90352E-09  2.53250E-12
      34.217109  1.12684E-02  9.83497E-01  5.22610E-03  8.18606E-06  6.13861E-09  2.66790E-12
      34.317159  1.13282E-02  9.83369E-01  5.29406E-03  8.40118E-06  6.38246E-09  2.81019E-12
      34.417209  1.13887E-02  9.83240E-01  5.36273E-03  8.62143E-06  6.63539E-09  2.95971E-12
      34.517259  1.14498E-02  9.83109E-01  5.43213E-03  8.84692E-06  6.89772E-09  3.11681E-12
      34.617309  1.15115E-02  9.82977E-01  5.50226E-03  9.07776E-06  7.16978E-09  3.28186E-12
      34.717359  1.15739E-02  9.82844E-01  5.57313E-03  9.31407E-06  7.45191E-09  3.45524E-12
      34.817409  1.16370E-02  9.82709E-01  5.64473E-03  9.55596E-06  7.74445E-09  3.63734E-12
      34.917459  1.17007E-02  9.82572E-01  5.71709E-03  9.80356E-06  8.04777E-09  3.82861E-12
      35.017509  1.17651E-02  9.82435E-01  5.79020E-03  1.00570E-05  8.36227E-09  4.02947E-12
      35.117559  1.18302E-02  9.82295E-01  5.86409E-03  1.03164E-05  8.68834E-09  4.24040E-12
      35.217609  1.18959E-02  9.82155E-01  5.93876E-03  1.05820E-05  9.02640E-09  4.46190E-12
      35.317659  1.19623E-02  9.82013E-01  6.01421E-03  1.08538E-05  9.37687E-09  4.69447E-12
      35.417709  1.20295E-02  9.81869E-01  6.09046E-03  1.11320E-05  9.74018E-09  4.93865E-12
      35.517759  1.20973E-02  9.81724E-01  6.16752E-03  1.14167E-05  1.01168E-08  5.19499E-12
      35.617809  1.21659E-02  9.81577E-01  6.24538E-03  1.17081E-05  1.05071E-08  5.46406E-12
      35.717859  1.22352E-02  9.81429E-01  6.32405E-03  1.20064E-05  1.09117E-08  5.74648E-12
      35.817909  1.23052E-02  9.81279E-01  6.40355E-03  1.23116E-05  1.13310E-08  6.04290E-12
      35.917959  1.23760E-02  9.81127E-01  6.48389E-03  1.26239E-05  1.17655E-08  6.35399E-12
      36.018009  1.24475E-02  9.80974E-01  6.56508E-03  1.29436E-05  1.22158E-08  6.68046E-12
      36.118059  1.25198E-02  9.80820E-01  6.64712E-03  1.32707E-05  1.26825E-08  7.02306E-12
      36.218109  1.25928E-02  9.80664E-01  6.73003E-03  1.36055E-05  1.31661E-08  7.38254E-12
      36.318159  1.26666E-02  9.80506E-01  6.81381E-03  1.39480E-05  1.36672E-08  7.75971E-12
      36.418209  1.27412E-02  9.80346E-01  6.89848E-03  1.42986E-05  1.41864E-08  8.15540E-12
      36.518259  1.28166E-02  9.80185E-01  6.98403E-03  1.46572E-05  1.47244E-08  8.57050E-12
      36.618309  1.28927E-02  9.80022E-01  7.07047E-03  1.50242E-05  1.52817E-08  9.00592E-12
      36.718359  1.29697E-02  9.79857E-01  7.15783E-03  1.53997E-05  1.58590E-08  9.46264E-12
      36.818409  1.30475E-02  9.79691E-01  7.24611E-03  1.57839E-05  1.64572E-08  9.94169E-12
      36.918459  1.31261E-02  9.79522E-01  7.33532E-03  1.61771E-05  1.70768E-08  1.04441E-11
      37.018509  1.32056E-02  9.79352E-01  7.42547E-03  1.65793E-05  1.77187E-08  1.09711E-11
      37.118559  1.32859E-02  9.79181E-01  7.51657E-03  1.69909E-05  1.83836E-08  1.15236E-11
      37.218609  1.33670E-02  9.79007E-01  7.60862E-03  1.74119E-05  1.90722E-08  1.21031E-11
      37.318659  1.34490E-02  9.78832E-01  7.70164E-03  1.78427E-05  1.97855E-08  1.27106E-11
      37.418709  1.35318E-02  9.78654E-01  7.79564E-03  1.82833E-05  2.05242E-08  1.33476E-11
      37.518759  1.36155E-02  9.78475E-01  7.89062E-03  1.87342E-05  2.12893E-08  1.40154E-11
      37.618809  1.37001E-02  9.78294E-01  7.98659E-03  1.91954E-05  2.20816E-08  1.47155E-11
      37.718859  1.37856E-02  9.78111E-01  8.08358E-03  1.96672E-05  2.29021E-08  1.54494E-11
      37.818909  1.38720E-02  9.77926E-01  8.18159E-03  2.01498E-05  2.37518E-08  1.62187E-11
      37.918959  1.39593E-02  9.77739E-01  8.28063E-03  2.06436E-05  2.46317E-08  1.70251E-11
      38.019010  1.40476E-02  9.77551E-01  8.38071E-03  2.11487E-05  2.55427E-08  1.78703E-11
      38.119060  1.41367E-02  9.77360E-01  8.48184E-03  2.16653E-05  2.64860E-08  1.87561E-11
      38.219110  1.42269E-02  9.77167E-01  8.58402E-03  2.21937E-05  2.74627E-08  1.96843E-11
      38.319160  1.43179E-02  9.76972E-01  8.68726E-03  2.27342E-05  2.84738E-08  2.06570E-11
      38.419210  1.44099E-02  9.76775E-01  8.79158E-03  2.32870E-05  2.95206E-08  2.16763E-11
      38.519260  1.45029E-02  9.76576E-01  8.89700E-03  2.38525E-05  3.06043E-08  2.27443E-11
      38.619310  1.45968E-02  9.76375E-01  9.00353E-03  2.44308E-05  3.17262E-08  2.38633E-11
      38.719360  1.46918E-02  9.76172E-01  9.11116E-03  2.50223E-05  3.28876E-08  2.50357E-11
      38.819410  1.47877E-02  9.75967E-01  9.21993E-03  2.56273E-05  3.40898E-08  2.62640E-11
      38.919460  1.48846E-02  9.75759E-01  9.32982E-03  2.62460E-05  3.53341E-08  2.75506E-11
      39.019510  1.49826E-02  9.75550E-01  9.44085E-03  2.68787E-05  3.66220E-08  2.88984E-11
      39.119560  1.50816E-02  9.75338E-01  9.55303E-03  2.75258E-05  3.79549E-08  3.03100E-11
      39.219610  1.51816E-02  9.75124E-01  9.66637E-03  2.81874E-05  3.93344E-08  3.17885E-11
      39.319660  1.52827E-02  9.74908E-01  9.78090E-03  2.88641E-05  4.07621E-08  3.33370E-11
      39.419710  1.53848E-02  9.74689E-01  9.89661E-03  2.95560E-05  4.22395E-08  3.49587E-11
      39.519760  1.54880E-02  9.74468E-01  1.00135E-02  3.02636E-05  4.37685E-08  3.66570E-11
      39.619810  1.55922E-02  9.74245E-01  1.01317E-02  3.09871E-05  4.53507E-08  3.84354E-11
      39.719860  1.56975E-02  9.74020E-01  1.02510E-02  3.17269E-05  4.69878E-08  4.02975E-11
      39.819910  1.58039E-02  9.73792E-01  1.03716E-02  3.24832E-05  4.86817E-08  4.22471E-11
      39.919960  1.59114E-02  9.73562E-01  1.04934E-02  3.32566E-05  5.04342E-08  4.42882E-11
      40.020010  1.60201E-02  9.73329E-01  1.06164E-02  3.40472E-05  5.22473E-08  4.64249E-11
      40.120060  1.61298E-02  9.73094E-01  1.07408E-02  3.48555E-05  5.41231E-08  4.86618E-11
      40.220110  1.62407E-02  9.72857E-01  1.08664E-02  3.56819E-05  5.60636E-08  5.10033E-11
      40.320160  1.63528E-02  9.72617E-01  1.09932E-02  3.65268E-05  5.80711E-08  5.34542E-11
      40.420210  1.64660E-02  9.72375E-01  1.11214E-02  3.73906E-05  6.01477E-08  5.60195E-11
      40.520260  1.65804E-02  9.72130E-01  1.12509E-02  3.82735E-05  6.22956E-08  5.87043E-11
      40.620310  1.66959E-02  9.71883E-01  1.13817E-02  3.91761E-05  6.45172E-08  6.15139E-11
      40.720360  1.68126E-02  9.71633E-01  1.15139E-02  4.00986E-05  6.68149E-08  6.44540E-11
      40.820410  1.69305E-02  9.71381E-01  1.16474E-02  4.10416E-05  6.91912E-08  6.75303E-11
      40.920460  1.70496E-02  9.71126E-01  1.17822E-02  4.20054E-05  7.16487E-08  7.07491E-11
      41.020510  1.71699E-02  9.70869E-01  1.19184E-02  4.29906E-05  7.41900E-08  7.41169E-11
      41.120560  1.72914E-02  9.70609E-01  1.20559E-02  4.39974E-05  7.68180E-08  7.76402E-11
      41.220610  1.74142E-02  9.70346E-01  1.21949E-02  4.50265E-05  7.95355E-08  8.13262E-11
      41.320660  1.75382E-02  9.70080E-01  1.23352E-02  4.60782E-05  8.23453E-08  8.51818E-11
      41.420710  1.76635E-02  9.69812E-01  1.24770E-02  4.71530E-05  8.52504E-08  8.92148E-11
      41.520760  1.77900E-02  9.69541E-01  1.26202E-02  4.82513E-05  8.82538E-08  9.34327E-11
      41.620810  1.79178E-02  9.69268E-01  1.27648E-02  4.93735E-05  9.13586E-08  9.78439E-11
      41.720860  1.80469E-02  9.68992E-01  1.29108E-02  5.05202E-05  9.45682E-08  1.02457E-10
      41.820910  1.81773E-02  9.68713E-01  1.30583E-02  5.16920E-05  9.78859E-08  1.07281E-10
      41.920960  1.83090E-02  9.68431E-01  1.32072E-02  5.28892E-05  1.01315E-07  1.12325E-10
      42.021011  1.84419E-02  9.68146E-01  1.33576E-02  5.41125E-05  1.04860E-07  1.17599E-10
      42.121061  1.85762E-02  9.67859E-01  1.35095E-02  5.53623E-05  1.08524E-07  1.23113E-10
      42.221111  1.87119E-02  9.67569E-01  1.36629E-02  5.66391E-05  1.12310E-07  1.28877E-10
