# population in each left-qubit level over  time for $\ket{\Psi(t=0)} = \ket{11}$ (integrated over all cavity levels)
#        t [ns]            0            1            2            3            4            5
       0.000000  7.39486E-03  9.92469E-01  1.36472E-04  3.63436E-30  1.53537E-30  4.36689E-31
       0.100050  7.39486E-03  9.92469E-01  1.36472E-04  1.59790E-22  1.52201E-30  4.80280E-31
       0.200100  7.39486E-03  9.92469E-01  1.36472E-04  2.05555E-20  1.55648E-30  4.75488E-31
       0.300150  7.39486E-03  9.92469E-01  1.36472E-04  3.87532E-19  1.54158E-30  4.69772E-31
       0.400200  7.39486E-03  9.92469E-01  1.36472E-04  2.93480E-18  1.57698E-30  4.47617E-31
       0.500250  7.39486E-03  9.92469E-01  1.36472E-04  1.32317E-17  1.81394E-30  4.88299E-31
       0.600300  7.39486E-03  9.92469E-01  1.36472E-04  4.30724E-17  5.63834E-30  4.63936E-31
       0.700350  7.39486E-03  9.92469E-01  1.36472E-04  1.12593E-16  2.79191E-29  4.65285E-31
       0.800400  7.39486E-03  9.92469E-01  1.36472E-04  2.52284E-16  1.35477E-28  4.54025E-31
       0.900450  7.39486E-03  9.92469E-01  1.36472E-04  5.07820E-16  5.40878E-28  4.90471E-31
       1.000500  7.39486E-03  9.92469E-01  1.36472E-04  9.50972E-16  1.89736E-27  4.52494E-31
       1.100550  7.39486E-03  9.92469E-01  1.36472E-04  1.69094E-15  5.98581E-27  4.73070E-31
       1.200600  7.39486E-03  9.92469E-01  1.36472E-04  2.87461E-15  1.72740E-26  4.61418E-31
       1.300650  7.39486E-03  9.92469E-01  1.36472E-04  4.67978E-15  4.57172E-26  4.84795E-31
       1.400700  7.39486E-03  9.92469E-01  1.36472E-04  7.32050E-15  1.11764E-25  4.45039E-31
       1.500750  7.39486E-03  9.92469E-01  1.36472E-04  1.10691E-14  2.55496E-25  4.81582E-31
       1.600800  7.39486E-03  9.92469E-01  1.36472E-04  1.62798E-14  5.52552E-25  4.63700E-31
       1.700850  7.39486E-03  9.92469E-01  1.36472E-04  2.34057E-14  1.14217E-24  4.77162E-31
       1.800900  7.39486E-03  9.92469E-01  1.36472E-04  3.30070E-14  2.27067E-24  4.46167E-31
       1.900950  7.39486E-03  9.92469E-01  1.36472E-04  4.57310E-14  4.35739E-24  4.92724E-31
       2.001001  7.39486E-03  9.92469E-01  1.36472E-04  6.22832E-14  8.07933E-24  4.51295E-31
       2.101051  7.39486E-03  9.92469E-01  1.36472E-04  8.34533E-14  1.45034E-23  4.74811E-31
       2.201101  7.39486E-03  9.92469E-01  1.36472E-04  1.10211E-13  2.52941E-23  4.59940E-31
       2.301151  7.39486E-03  9.92469E-01  1.36473E-04  1.43771E-13  4.30437E-23  5.01184E-31
       2.401201  7.39486E-03  9.92469E-01  1.36473E-04  1.85543E-13  7.16821E-23  4.54338E-31
       2.501251  7.39486E-03  9.92469E-01  1.36473E-04  2.37061E-13  1.17000E-22  5.02242E-31
       2.601301  7.39486E-03  9.92469E-01  1.36474E-04  2.99975E-13  1.87314E-22  5.25414E-31
       2.701351  7.39486E-03  9.92469E-01  1.36474E-04  3.76088E-13  2.94400E-22  5.91971E-31
       2.801401  7.39486E-03  9.92469E-01  1.36475E-04  4.67439E-13  4.54769E-22  6.53617E-31
       2.901451  7.39486E-03  9.92469E-01  1.36475E-04  5.76429E-13  6.91563E-22  8.72257E-31
       3.001501  7.39486E-03  9.92469E-01  1.36476E-04  7.05894E-13  1.03708E-21  1.21283E-30
       3.101551  7.39486E-03  9.92469E-01  1.36477E-04  8.58955E-13  1.53548E-21  1.77792E-30
       3.201601  7.39486E-03  9.92469E-01  1.36478E-04  1.03879E-12  2.24553E-21  2.78658E-30
       3.301651  7.39486E-03  9.92469E-01  1.36479E-04  1.24866E-12  3.24434E-21  4.49270E-30
       3.401701  7.39487E-03  9.92469E-01  1.36481E-04  1.49226E-12  4.63353E-21  7.39005E-30
       3.501751  7.39487E-03  9.92469E-01  1.36483E-04  1.77388E-12  6.54739E-21  1.20151E-29
       3.601801  7.39487E-03  9.92469E-01  1.36485E-04  2.09841E-12  9.16213E-21  1.96487E-29
       3.701851  7.39487E-03  9.92469E-01  1.36487E-04  2.47116E-12  1.27058E-20  3.16916E-29
       3.801901  7.39487E-03  9.92469E-01  1.36490E-04  2.89769E-12  1.74696E-20  5.09855E-29
       3.901951  7.39487E-03  9.92469E-01  1.36493E-04  3.38364E-12  2.38191E-20  8.07291E-29
       4.002001  7.39488E-03  9.92469E-01  1.36496E-04  3.93488E-12  3.22109E-20  1.26731E-28
       4.102051  7.39488E-03  9.92469E-01  1.36500E-04  4.55799E-12  4.32196E-20  1.96641E-28
       4.202101  7.39488E-03  9.92469E-01  1.36505E-04  5.26073E-12  5.75734E-20  3.02318E-28
       4.302151  7.39489E-03  9.92469E-01  1.36509E-04  6.05167E-12  7.61849E-20  4.59717E-28
       4.402201  7.39489E-03  9.92469E-01  1.36515E-04  6.93947E-12  1.00174E-19  6.92693E-28
       4.502251  7.39490E-03  9.92469E-01  1.36521E-04  7.93278E-12  1.30898E-19  1.03494E-27
       4.602301  7.39490E-03  9.92469E-01  1.36528E-04  9.04064E-12  1.70005E-19  1.53125E-27
       4.702351  7.39491E-03  9.92469E-01  1.36536E-04  1.02729E-11  2.19502E-19  2.24636E-27
       4.802401  7.39491E-03  9.92469E-01  1.36544E-04  1.16407E-11  2.81836E-19  3.26702E-27
       4.902451  7.39492E-03  9.92469E-01  1.36554E-04  1.31562E-11  3.59989E-19  4.71836E-27
       5.002501  7.39493E-03  9.92469E-01  1.36564E-04  1.48327E-11  4.57559E-19  6.75839E-27
       5.102551  7.39494E-03  9.92468E-01  1.36576E-04  1.66831E-11  5.78809E-19  9.61668E-27
       5.202601  7.39495E-03  9.92468E-01  1.36589E-04  1.87200E-11  7.28742E-19  1.35828E-26
       5.302651  7.39496E-03  9.92468E-01  1.36603E-04  2.09572E-11  9.13288E-19  1.90608E-26
       5.402701  7.39497E-03  9.92468E-01  1.36618E-04  2.34102E-11  1.13954E-18  2.65589E-26
       5.502751  7.39498E-03  9.92468E-01  1.36635E-04  2.60963E-11  1.41598E-18  3.67916E-26
       5.602801  7.39500E-03  9.92468E-01  1.36653E-04  2.90335E-11  1.75255E-18  5.06561E-26
       5.702851  7.39501E-03  9.92468E-01  1.36673E-04  3.22399E-11  2.16086E-18  6.93562E-26
       5.802901  7.39503E-03  9.92468E-01  1.36695E-04  3.57335E-11  2.65434E-18  9.44103E-26
       5.902951  7.39504E-03  9.92468E-01  1.36719E-04  3.95327E-11  3.24852E-18  1.27828E-25
       6.003002  7.39506E-03  9.92468E-01  1.36744E-04  4.36575E-11  3.96148E-18  1.72136E-25
       6.103052  7.39508E-03  9.92468E-01  1.36772E-04  4.81308E-11  4.81447E-18  2.30622E-25
       6.203102  7.39511E-03  9.92468E-01  1.36802E-04  5.29773E-11  5.83234E-18  3.07481E-25
       6.303152  7.39513E-03  9.92468E-01  1.36835E-04  5.82219E-11  7.04352E-18  4.08067E-25
       6.403202  7.39516E-03  9.92468E-01  1.36871E-04  6.38881E-11  8.48024E-18  5.39069E-25
       6.503252  7.39519E-03  9.92468E-01  1.36909E-04  7.00001E-11  1.01792E-17  7.08884E-25
       6.603302  7.39522E-03  9.92468E-01  1.36950E-04  7.65839E-11  1.21825E-17  9.28108E-25
       6.703352  7.39525E-03  9.92468E-01  1.36994E-04  8.36685E-11  1.45388E-17  1.20996E-24
       6.803402  7.39529E-03  9.92468E-01  1.37041E-04  9.12852E-11  1.73039E-17  1.57101E-24
       6.903452  7.39533E-03  9.92468E-01  1.37092E-04  9.94667E-11  2.05414E-17  2.03181E-24
       7.003502  7.39537E-03  9.92467E-01  1.37147E-04  1.08245E-10  2.43231E-17  2.61788E-24
       7.103552  7.39541E-03  9.92467E-01  1.37206E-04  1.17652E-10  2.87288E-17  3.36023E-24
       7.203602  7.39546E-03  9.92467E-01  1.37269E-04  1.27717E-10  3.38484E-17  4.29713E-24
       7.303652  7.39551E-03  9.92467E-01  1.37336E-04  1.38478E-10  3.97845E-17  5.47537E-24
       7.403702  7.39556E-03  9.92467E-01  1.37407E-04  1.49974E-10  4.66545E-17  6.95286E-24
       7.503752  7.39562E-03  9.92467E-01  1.37484E-04  1.62247E-10  5.45901E-17  8.79959E-24
       7.603802  7.39568E-03  9.92467E-01  1.37565E-04  1.75337E-10  6.37381E-17  1.11010E-23
       7.703852  7.39575E-03  9.92467E-01  1.37652E-04  1.89283E-10  7.42612E-17  1.39595E-23
       7.803902  7.39581E-03  9.92466E-01  1.37744E-04  2.04126E-10  8.63403E-17  1.74990E-23
       7.903952  7.39589E-03  9.92466E-01  1.37842E-04  2.19908E-10  1.00178E-16  2.18683E-23
       8.004002  7.39597E-03  9.92466E-01  1.37946E-04  2.36678E-10  1.16003E-16  2.72475E-23
       8.104052  7.39605E-03  9.92466E-01  1.38057E-04  2.54487E-10  1.34073E-16  3.38528E-23
       8.204102  7.39614E-03  9.92466E-01  1.38174E-04  2.73387E-10  1.54673E-16  4.19429E-23
       8.304152  7.39623E-03  9.92465E-01  1.38299E-04  2.93427E-10  1.78113E-16  5.18240E-23
       8.404202  7.39633E-03  9.92465E-01  1.38430E-04  3.14654E-10  2.04734E-16  6.38594E-23
       8.504252  7.39643E-03  9.92465E-01  1.38570E-04  3.37120E-10  2.34917E-16  7.84803E-23
       8.604302  7.39654E-03  9.92465E-01  1.38717E-04  3.60885E-10  2.69086E-16  9.61993E-23
       8.704352  7.39666E-03  9.92464E-01  1.38872E-04  3.86008E-10  3.07713E-16  1.17625E-22
       8.804402  7.39678E-03  9.92464E-01  1.39037E-04  4.12555E-10  3.51320E-16  1.43474E-22
       8.904452  7.39691E-03  9.92464E-01  1.39210E-04  4.40585E-10  4.00474E-16  1.74590E-22
       9.004502  7.39705E-03  9.92464E-01  1.39393E-04  4.70160E-10  4.55793E-16  2.11954E-22
       9.104552  7.39720E-03  9.92463E-01  1.39585E-04  5.01338E-10  5.17950E-16  2.56715E-22
       9.204602  7.39735E-03  9.92463E-01  1.39788E-04  5.34185E-10  5.87692E-16  3.10221E-22
       9.304652  7.39751E-03  9.92462E-01  1.40001E-04  5.68778E-10  6.65851E-16  3.74055E-22
       9.404702  7.39768E-03  9.92462E-01  1.40226E-04  6.05195E-10  7.53341E-16  4.50065E-22
       9.504752  7.39785E-03  9.92462E-01  1.40462E-04  6.43509E-10  8.51149E-16  5.40395E-22
       9.604802  7.39804E-03  9.92461E-01  1.40709E-04  6.83792E-10  9.60338E-16  6.47512E-22
       9.704852  7.39823E-03  9.92461E-01  1.40969E-04  7.26117E-10  1.08207E-15  7.74280E-22
       9.804902  7.39844E-03  9.92460E-01  1.41242E-04  7.70562E-10  1.21760E-15  9.24005E-22
       9.904952  7.39865E-03  9.92460E-01  1.41528E-04  8.17212E-10  1.36833E-15  1.10053E-21
      10.005003  7.39888E-03  9.92459E-01  1.41828E-04  8.66158E-10  1.53579E-15  1.30829E-21
      10.105053  7.39911E-03  9.92459E-01  1.42142E-04  9.17496E-10  1.72163E-15  1.55240E-21
      10.205103  7.39936E-03  9.92458E-01  1.42470E-04  9.71311E-10  1.92764E-15  1.83870E-21
      10.305153  7.39961E-03  9.92458E-01  1.42814E-04  1.02769E-09  2.15570E-15  2.17387E-21
      10.405203  7.39988E-03  9.92457E-01  1.43174E-04  1.08672E-09  2.40789E-15  2.56552E-21
      10.505253  7.40017E-03  9.92456E-01  1.43550E-04  1.14850E-09  2.68647E-15  3.02245E-21
      10.605303  7.40046E-03  9.92456E-01  1.43942E-04  1.21314E-09  2.99393E-15  3.55473E-21
      10.705353  7.40077E-03  9.92455E-01  1.44353E-04  1.28075E-09  3.33294E-15  4.17384E-21
      10.805403  7.40109E-03  9.92454E-01  1.44781E-04  1.35144E-09  3.70634E-15  4.89280E-21
      10.905453  7.40142E-03  9.92453E-01  1.45227E-04  1.42532E-09  4.11718E-15  5.72636E-21
      11.005503  7.40177E-03  9.92453E-01  1.45693E-04  1.50247E-09  4.56874E-15  6.69122E-21
      11.105553  7.40213E-03  9.92452E-01  1.46178E-04  1.58303E-09  5.06456E-15  7.80636E-21
      11.205603  7.40251E-03  9.92451E-01  1.46684E-04  1.66711E-09  5.60852E-15  9.09342E-21
      11.305653  7.40290E-03  9.92450E-01  1.47210E-04  1.75485E-09  6.20483E-15  1.05770E-20
      11.405703  7.40331E-03  9.92449E-01  1.47758E-04  1.84637E-09  6.85796E-15  1.22846E-20
      11.505753  7.40374E-03  9.92448E-01  1.48329E-04  1.94181E-09  7.57260E-15  1.42472E-20
      11.605803  7.40418E-03  9.92447E-01  1.48922E-04  2.04128E-09  8.35379E-15  1.64997E-20
      11.705853  7.40465E-03  9.92446E-01  1.49539E-04  2.14491E-09  9.20697E-15  1.90811E-20
      11.805903  7.40512E-03  9.92445E-01  1.50179E-04  2.25285E-09  1.01380E-14  2.20359E-20
      11.905953  7.40562E-03  9.92444E-01  1.50845E-04  2.36525E-09  1.11534E-14  2.54139E-20
      12.006003  7.40614E-03  9.92442E-01  1.51536E-04  2.48228E-09  1.22598E-14  2.92710E-20
      12.106053  7.40667E-03  9.92441E-01  1.52254E-04  2.60409E-09  1.34644E-14  3.36696E-20
      12.206103  7.40723E-03  9.92440E-01  1.52998E-04  2.73081E-09  1.47749E-14  3.86790E-20
      12.306153  7.40781E-03  9.92438E-01  1.53770E-04  2.86259E-09  1.61992E-14  4.43765E-20
      12.406203  7.40841E-03  9.92437E-01  1.54570E-04  2.99962E-09  1.77461E-14  5.08492E-20
      12.506253  7.40903E-03  9.92436E-01  1.55400E-04  3.14206E-09  1.94252E-14  5.81944E-20
      12.606303  7.40967E-03  9.92434E-01  1.56260E-04  3.29012E-09  2.12465E-14  6.65208E-20
      12.706353  7.41033E-03  9.92433E-01  1.57150E-04  3.44397E-09  2.32206E-14  7.59483E-20
      12.806403  7.41102E-03  9.92431E-01  1.58072E-04  3.60378E-09  2.53586E-14  8.66100E-20
      12.906453  7.41173E-03  9.92429E-01  1.59026E-04  3.76973E-09  2.76724E-14  9.86533E-20
      13.006503  7.41247E-03  9.92428E-01  1.60013E-04  3.94201E-09  3.01747E-14  1.12242E-19
      13.106553  7.41323E-03  9.92426E-01  1.61034E-04  4.12085E-09  3.28791E-14  1.27559E-19
      13.206603  7.41402E-03  9.92424E-01  1.62089E-04  4.30646E-09  3.58004E-14  1.44806E-19
      13.306653  7.41484E-03  9.92422E-01  1.63180E-04  4.49907E-09  3.89540E-14  1.64209E-19
      13.406703  7.41568E-03  9.92420E-01  1.64308E-04  4.69889E-09  4.23559E-14  1.86012E-19
      13.506753  7.41655E-03  9.92418E-01  1.65472E-04  4.90612E-09  4.60230E-14  2.10486E-19
      13.606803  7.41744E-03  9.92416E-01  1.66675E-04  5.12099E-09  4.99735E-14  2.37929E-19
      13.706853  7.41837E-03  9.92414E-01  1.67916E-04  5.34375E-09  5.42270E-14  2.68672E-19
      13.806903  7.41933E-03  9.92411E-01  1.69197E-04  5.57468E-09  5.88042E-14  3.03083E-19
      13.906953  7.42031E-03  9.92409E-01  1.70519E-04  5.81403E-09  6.37270E-14  3.41563E-19
      14.007004  7.42133E-03  9.92407E-01  1.71882E-04  6.06206E-09  6.90185E-14  3.84553E-19
      14.107054  7.42238E-03  9.92404E-01  1.73288E-04  6.31904E-09  7.47025E-14  4.32532E-19
      14.207104  7.42346E-03  9.92402E-01  1.74737E-04  6.58520E-09  8.08042E-14  4.86027E-19
      14.307154  7.42457E-03  9.92399E-01  1.76230E-04  6.86085E-09  8.73509E-14  5.45619E-19
      14.407204  7.42572E-03  9.92397E-01  1.77768E-04  7.14630E-09  9.43717E-14  6.11950E-19
      14.507254  7.42690E-03  9.92394E-01  1.79352E-04  7.44189E-09  1.01897E-13  6.85722E-19
      14.607304  7.42812E-03  9.92391E-01  1.80984E-04  7.74791E-09  1.09960E-13  7.67697E-19
      14.707354  7.42937E-03  9.92388E-01  1.82663E-04  8.06468E-09  1.18593E-13  8.58705E-19
      14.807404  7.43066E-03  9.92385E-01  1.84391E-04  8.39251E-09  1.27831E-13  9.59650E-19
      14.907454  7.43199E-03  9.92382E-01  1.86169E-04  8.73172E-09  1.37712E-13  1.07152E-18
      15.007504  7.43335E-03  9.92379E-01  1.87997E-04  9.08270E-09  1.48276E-13  1.19541E-18
      15.107554  7.43475E-03  9.92375E-01  1.89878E-04  9.44583E-09  1.59564E-13  1.33251E-18
      15.207604  7.43620E-03  9.92372E-01  1.91811E-04  9.82150E-09  1.71622E-13  1.48410E-18
      15.307654  7.43768E-03  9.92369E-01  1.93798E-04  1.02101E-08  1.84495E-13  1.65158E-18
      15.407704  7.43920E-03  9.92365E-01  1.95840E-04  1.06119E-08  1.98230E-13  1.83646E-18
      15.507754  7.44076E-03  9.92361E-01  1.97937E-04  1.10274E-08  2.12879E-13  2.04039E-18
      15.607804  7.44237E-03  9.92358E-01  2.00091E-04  1.14571E-08  2.28496E-13  2.26516E-18
      15.707854  7.44402E-03  9.92354E-01  2.02303E-04  1.19012E-08  2.45138E-13  2.51274E-18
      15.807904  7.44571E-03  9.92350E-01  2.04573E-04  1.23605E-08  2.62866E-13  2.78526E-18
      15.907954  7.44745E-03  9.92346E-01  2.06904E-04  1.28352E-08  2.81742E-13  3.08499E-18
      16.008004  7.44923E-03  9.92341E-01  2.09295E-04  1.33258E-08  3.01830E-13  3.41441E-18
      16.108054  7.45105E-03  9.92337E-01  2.11747E-04  1.38328E-08  3.23199E-13  3.77618E-18
      16.208104  7.45293E-03  9.92333E-01  2.14263E-04  1.43567E-08  3.45920E-13  4.17321E-18
      16.308154  7.45485E-03  9.92328E-01  2.16842E-04  1.48981E-08  3.70071E-13  4.60865E-18
      16.408204  7.45682E-03  9.92324E-01  2.19486E-04  1.54574E-08  3.95734E-13  5.08594E-18
      16.508254  7.45884E-03  9.92319E-01  2.22196E-04  1.60353E-08  4.22992E-13  5.60874E-18
      16.608304  7.46091E-03  9.92314E-01  2.24974E-04  1.66323E-08  4.51932E-13  6.18097E-18
      16.708354  7.46303E-03  9.92309E-01  2.27819E-04  1.72490E-08  4.82643E-13  6.80688E-18
      16.808404  7.46520E-03  9.92304E-01  2.30733E-04  1.78858E-08  5.15222E-13  7.49105E-18
      16.908454  7.46742E-03  9.92299E-01  2.33717E-04  1.85435E-08  5.49772E-13  8.23846E-18
      17.008504  7.46970E-03  9.92294E-01  2.36772E-04  1.92228E-08  5.86398E-13  9.05448E-18
      17.108554  7.47203E-03  9.92288E-01  2.39900E-04  1.99242E-08  6.25215E-13  9.94489E-18
      17.208604  7.47441E-03  9.92282E-01  2.43101E-04  2.06485E-08  6.66337E-13  1.09158E-17
      17.308654  7.47685E-03  9.92277E-01  2.46377E-04  2.13963E-08  7.09883E-13  1.19739E-17
      17.408704  7.47935E-03  9.92271E-01  2.49728E-04  2.21683E-08  7.55977E-13  1.31262E-17
      17.508754  7.48190E-03  9.92265E-01  2.53155E-04  2.29652E-08  8.04755E-13  1.43804E-17
      17.608804  7.48451E-03  9.92259E-01  2.56660E-04  2.37878E-08  8.56358E-13  1.57448E-17
      17.708854  7.48718E-03  9.92253E-01  2.60243E-04  2.46370E-08  9.10933E-13  1.72283E-17
      17.808904  7.48991E-03  9.92246E-01  2.63907E-04  2.55135E-08  9.68633E-13  1.88403E-17
      17.908954  7.49270E-03  9.92240E-01  2.67652E-04  2.64180E-08  1.02961E-12  2.05909E-17
      18.009005  7.49554E-03  9.92233E-01  2.71478E-04  2.73514E-08  1.09404E-12  2.24909E-17
      18.109055  7.49846E-03  9.92226E-01  2.75387E-04  2.83146E-08  1.16208E-12  2.45519E-17
      18.209105  7.50143E-03  9.92219E-01  2.79380E-04  2.93084E-08  1.23393E-12  2.67865E-17
      18.309155  7.50447E-03  9.92212E-01  2.83458E-04  3.03338E-08  1.30976E-12  2.92082E-17
      18.409205  7.50757E-03  9.92205E-01  2.87623E-04  3.13918E-08  1.38980E-12  3.18311E-17
      18.509255  7.51073E-03  9.92197E-01  2.91875E-04  3.24833E-08  1.47423E-12  3.46704E-17
      18.609305  7.51396E-03  9.92190E-01  2.96216E-04  3.36092E-08  1.56327E-12  3.77422E-17
      18.709355  7.51726E-03  9.92182E-01  3.00645E-04  3.47705E-08  1.65714E-12  4.10639E-17
      18.809405  7.52062E-03  9.92174E-01  3.05165E-04  3.59683E-08  1.75608E-12  4.46542E-17
      18.909455  7.52406E-03  9.92166E-01  3.09777E-04  3.72037E-08  1.86034E-12  4.85330E-17
      19.009505  7.52756E-03  9.92158E-01  3.14483E-04  3.84779E-08  1.97018E-12  5.27215E-17
      19.109555  7.53113E-03  9.92150E-01  3.19282E-04  3.97919E-08  2.08586E-12  5.72422E-17
      19.209605  7.53477E-03  9.92141E-01  3.24176E-04  4.11468E-08  2.20765E-12  6.21187E-17
      19.309655  7.53849E-03  9.92132E-01  3.29165E-04  4.25438E-08  2.33584E-12  6.73766E-17
      19.409705  7.54227E-03  9.92123E-01  3.34252E-04  4.39840E-08  2.47073E-12  7.30431E-17
      19.509755  7.54613E-03  9.92114E-01  3.39436E-04  4.54689E-08  2.61265E-12  7.91474E-17
      19.609805  7.55007E-03  9.92105E-01  3.44720E-04  4.69997E-08  2.76192E-12  8.57207E-17
      19.709855  7.55407E-03  9.92096E-01  3.50105E-04  4.85779E-08  2.91889E-12  9.27957E-17
      19.809905  7.55816E-03  9.92086E-01  3.55592E-04  5.02045E-08  3.08391E-12  1.00407E-16
      19.909955  7.56231E-03  9.92076E-01  3.61180E-04  5.18810E-08  3.25733E-12  1.08591E-16
      20.010005  7.56655E-03  9.92067E-01  3.66872E-04  5.36087E-08  3.43954E-12  1.17388E-16
      20.110055  7.57086E-03  9.92056E-01  3.72668E-04  5.53892E-08  3.63095E-12  1.26838E-16
      20.210105  7.57525E-03  9.92046E-01  3.78571E-04  5.72240E-08  3.83199E-12  1.36989E-16
      20.310155  7.57973E-03  9.92036E-01  3.84580E-04  5.91147E-08  4.04309E-12  1.47886E-16
      20.410205  7.58428E-03  9.92025E-01  3.90698E-04  6.10628E-08  4.26470E-12  1.59579E-16
      20.510255  7.58891E-03  9.92014E-01  3.96924E-04  6.30698E-08  4.49727E-12  1.72120E-16
      20.610305  7.59362E-03  9.92003E-01  4.03260E-04  6.51372E-08  4.74129E-12  1.85567E-16
      20.710355  7.59842E-03  9.91992E-01  4.09707E-04  6.72669E-08  4.99728E-12  1.99978E-16
      20.810405  7.60330E-03  9.91980E-01  4.16266E-04  6.94606E-08  5.26577E-12  2.15418E-16
      20.910455  7.60826E-03  9.91969E-01  4.22939E-04  7.17201E-08  5.54732E-12  2.31954E-16
      21.010505  7.61331E-03  9.91957E-01  4.29726E-04  7.40473E-08  5.84250E-12  2.49656E-16
      21.110555  7.61845E-03  9.91945E-01  4.36629E-04  7.64438E-08  6.15188E-12  2.68598E-16
      21.210605  7.62367E-03  9.91933E-01  4.43647E-04  7.89114E-08  6.47607E-12  2.88860E-16
      21.310655  7.62898E-03  9.91920E-01  4.50783E-04  8.14521E-08  6.81572E-12  3.10526E-16
      21.410705  7.63438E-03  9.91908E-01  4.58038E-04  8.40680E-08  7.17151E-12  3.33685E-16
      21.510755  7.63986E-03  9.91895E-01  4.65412E-04  8.67613E-08  7.54413E-12  3.58433E-16
      21.610805  7.64544E-03  9.91882E-01  4.72908E-04  8.95340E-08  7.93431E-12  3.84868E-16
      21.710855  7.65110E-03  9.91868E-01  4.80525E-04  9.23880E-08  8.34277E-12  4.13094E-16
      21.810905  7.65686E-03  9.91855E-01  4.88265E-04  9.53253E-08  8.77027E-12  4.43221E-16
      21.910955  7.66271E-03  9.91841E-01  4.96128E-04  9.83483E-08  9.21762E-12  4.75367E-16
      22.011006  7.66865E-03  9.91827E-01  5.04117E-04  1.01459E-07  9.68565E-12  5.09655E-16
      22.111056  7.67469E-03  9.91813E-01  5.12231E-04  1.04661E-07  1.01753E-11  5.46219E-16
      22.211106  7.68082E-03  9.91799E-01  5.20473E-04  1.07955E-07  1.06874E-11  5.85196E-16
      22.311156  7.68704E-03  9.91784E-01  5.28844E-04  1.11345E-07  1.12228E-11  6.26730E-16
      22.411206  7.69336E-03  9.91769E-01  5.37343E-04  1.14832E-07  1.17827E-11  6.70973E-16
      22.511256  7.69978E-03  9.91754E-01  5.45972E-04  1.18419E-07  1.23678E-11  7.18086E-16
      22.611306  7.70630E-03  9.91739E-01  5.54733E-04  1.22108E-07  1.29793E-11  7.68241E-16
      22.711356  7.71291E-03  9.91723E-01  5.63625E-04  1.25903E-07  1.36183E-11  8.21620E-16
      22.811406  7.71963E-03  9.91708E-01  5.72652E-04  1.29806E-07  1.42860E-11  8.78413E-16
      22.911456  7.72644E-03  9.91692E-01  5.81814E-04  1.33821E-07  1.49833E-11  9.38819E-16
      23.011506  7.73335E-03  9.91675E-01  5.91111E-04  1.37948E-07  1.57117E-11  1.00304E-15
      23.111556  7.74037E-03  9.91659E-01  6.00545E-04  1.42192E-07  1.64721E-11  1.07131E-15
      23.211606  7.74748E-03  9.91642E-01  6.10115E-04  1.46555E-07  1.72661E-11  1.14385E-15
      23.311656  7.75470E-03  9.91625E-01  6.19825E-04  1.51041E-07  1.80948E-11  1.22092E-15
      23.411706  7.76203E-03  9.91608E-01  6.29675E-04  1.55653E-07  1.89598E-11  1.30277E-15
      23.511756  7.76946E-03  9.91591E-01  6.39667E-04  1.60393E-07  1.98625E-11  1.38967E-15
      23.611806  7.77700E-03  9.91573E-01  6.49801E-04  1.65265E-07  2.08042E-11  1.48191E-15
      23.711856  7.78464E-03  9.91555E-01  6.60077E-04  1.70272E-07  2.17866E-11  1.57979E-15
      23.811906  7.79239E-03  9.91537E-01  6.70498E-04  1.75417E-07  2.28112E-11  1.68362E-15
      23.911956  7.80024E-03  9.91519E-01  6.81063E-04  1.80704E-07  2.38797E-11  1.79374E-15
      24.012006  7.80821E-03  9.91500E-01  6.91776E-04  1.86137E-07  2.49939E-11  1.91050E-15
      24.112056  7.81628E-03  9.91481E-01  7.02637E-04  1.91719E-07  2.61555E-11  2.03427E-15
      24.212106  7.82447E-03  9.91462E-01  7.13647E-04  1.97453E-07  2.73663E-11  2.16543E-15
      24.312156  7.83277E-03  9.91442E-01  7.24806E-04  2.03344E-07  2.86283E-11  2.30439E-15
      24.412206  7.84118E-03  9.91422E-01  7.36116E-04  2.09394E-07  2.99432E-11  2.45157E-15
      24.512256  7.84970E-03  9.91403E-01  7.47577E-04  2.15608E-07  3.13133E-11  2.60742E-15
      24.612306  7.85834E-03  9.91382E-01  7.59192E-04  2.21990E-07  3.27406E-11  2.77242E-15
      24.712356  7.86709E-03  9.91362E-01  7.70963E-04  2.28544E-07  3.42274E-11  2.94706E-15
      24.812406  7.87596E-03  9.91341E-01  7.82889E-04  2.35274E-07  3.57759E-11  3.13187E-15
      24.912456  7.88494E-03  9.91320E-01  7.94972E-04  2.42185E-07  3.73884E-11  3.32737E-15
      25.012506  7.89404E-03  9.91298E-01  8.07213E-04  2.49279E-07  3.90673E-11  3.53414E-15
      25.112556  7.90326E-03  9.91277E-01  8.19612E-04  2.56562E-07  4.08150E-11  3.75278E-15
      25.212606  7.91260E-03  9.91255E-01  8.32171E-04  2.64039E-07  4.26342E-11  3.98392E-15
      25.312656  7.92206E-03  9.91233E-01  8.44893E-04  2.71713E-07  4.45278E-11  4.22823E-15
      25.412706  7.93164E-03  9.91210E-01  8.57778E-04  2.79591E-07  4.64983E-11  4.48641E-15
      25.512756  7.94134E-03  9.91188E-01  8.70827E-04  2.87676E-07  4.85487E-11  4.75918E-15
      25.612806  7.95116E-03  9.91164E-01  8.84041E-04  2.95972E-07  5.06818E-11  5.04728E-15
      25.712856  7.96111E-03  9.91141E-01  8.97421E-04  3.04486E-07  5.29006E-11  5.35151E-15
      25.812906  7.97119E-03  9.91118E-01  9.10968E-04  3.13221E-07  5.52086E-11  5.67273E-15
      25.912956  7.98139E-03  9.91094E-01  9.24686E-04  3.22185E-07  5.76089E-11  6.01182E-15
      26.013007  7.99171E-03  9.91069E-01  9.38575E-04  3.31381E-07  6.01050E-11  6.36971E-15
      26.113057  8.00217E-03  9.91045E-01  9.52635E-04  3.40815E-07  6.27004E-11  6.74735E-15
      26.213107  8.01275E-03  9.91020E-01  9.66868E-04  3.50493E-07  6.53985E-11  7.14575E-15
      26.313157  8.02346E-03  9.90995E-01  9.81275E-04  3.60419E-07  6.82032E-11  7.56595E-15
      26.413207  8.03430E-03  9.90969E-01  9.95857E-04  3.70600E-07  7.11183E-11  8.00908E-15
      26.513257  8.04527E-03  9.90944E-01  1.01062E-03  3.81042E-07  7.41481E-11  8.47632E-15
      26.613307  8.05638E-03  9.90918E-01  1.02556E-03  3.91752E-07  7.72966E-11  8.96890E-15
      26.713357  8.06762E-03  9.90891E-01  1.04068E-03  4.02734E-07  8.05682E-11  9.48809E-15
      26.813407  8.07900E-03  9.90865E-01  1.05598E-03  4.13995E-07  8.39672E-11  1.00352E-14
      26.913457  8.09051E-03  9.90838E-01  1.07146E-03  4.25542E-07  8.74980E-11  1.06116E-14
      27.013507  8.10216E-03  9.90810E-01  1.08713E-03  4.37379E-07  9.11655E-11  1.12189E-14
      27.113557  8.11395E-03  9.90783E-01  1.10298E-03  4.49516E-07  9.49748E-11  1.18585E-14
      27.213607  8.12587E-03  9.90755E-01  1.11902E-03  4.61959E-07  9.89310E-11  1.25321E-14
      27.313657  8.13794E-03  9.90726E-01  1.13525E-03  4.74715E-07  1.03039E-10  1.32413E-14
      27.413707  8.15015E-03  9.90698E-01  1.15168E-03  4.87790E-07  1.07305E-10  1.39880E-14
      27.513757  8.16250E-03  9.90669E-01  1.16829E-03  5.01191E-07  1.11734E-10  1.47739E-14
      27.613807  8.17500E-03  9.90639E-01  1.18509E-03  5.14926E-07  1.16331E-10  1.56010E-14
      27.713857  8.18764E-03  9.90610E-01  1.20210E-03  5.29002E-07  1.21104E-10  1.64713E-14
      27.813907  8.20042E-03  9.90580E-01  1.21930E-03  5.43429E-07  1.26057E-10  1.73870E-14
      27.913957  8.21336E-03  9.90549E-01  1.23669E-03  5.58213E-07  1.31199E-10  1.83503E-14
      28.014007  8.22644E-03  9.90519E-01  1.25429E-03  5.73364E-07  1.36534E-10  1.93636E-14
      28.114057  8.23968E-03  9.90488E-01  1.27210E-03  5.88887E-07  1.42071E-10  2.04292E-14
      28.214107  8.25307E-03  9.90456E-01  1.29010E-03  6.04792E-07  1.47815E-10  2.15496E-14
      28.314157  8.26661E-03  9.90424E-01  1.30831E-03  6.21088E-07  1.53775E-10  2.27276E-14
      28.414207  8.28031E-03  9.90392E-01  1.32673E-03  6.37783E-07  1.59959E-10  2.39660E-14
      28.514257  8.29416E-03  9.90360E-01  1.34536E-03  6.54888E-07  1.66373E-10  2.52677E-14
      28.614307  8.30816E-03  9.90327E-01  1.36420E-03  6.72411E-07  1.73027E-10  2.66357E-14
      28.714357  8.32233E-03  9.90294E-01  1.38325E-03  6.90361E-07  1.79928E-10  2.80733E-14
      28.814407  8.33666E-03  9.90260E-01  1.40252E-03  7.08748E-07  1.87085E-10  2.95838E-14
      28.914457  8.35115E-03  9.90226E-01  1.42201E-03  7.27580E-07  1.94507E-10  3.11706E-14
      29.014507  8.36580E-03  9.90192E-01  1.44171E-03  7.46870E-07  2.02204E-10  3.28375E-14
      29.114557  8.38062E-03  9.90157E-01  1.46164E-03  7.66627E-07  2.10185E-10  3.45884E-14
      29.214607  8.39560E-03  9.90122E-01  1.48179E-03  7.86864E-07  2.18460E-10  3.64273E-14
      29.314657  8.41075E-03  9.90086E-01  1.50217E-03  8.07588E-07  2.27040E-10  3.83583E-14
      29.414707  8.42607E-03  9.90050E-01  1.52278E-03  8.28811E-07  2.35934E-10  4.03859E-14
      29.514757  8.44156E-03  9.90014E-01  1.54361E-03  8.50544E-07  2.45154E-10  4.25145E-14
      29.614807  8.45723E-03  9.89977E-01  1.56468E-03  8.72799E-07  2.54711E-10  4.47490E-14
      29.714857  8.47307E-03  9.89940E-01  1.58598E-03  8.95589E-07  2.64618E-10  4.70947E-14
      29.814907  8.48909E-03  9.89902E-01  1.60752E-03  9.18927E-07  2.74886E-10  4.95567E-14
      29.914957  8.50529E-03  9.89864E-01  1.62930E-03  9.42823E-07  2.85529E-10  5.21406E-14
      30.015008  8.52166E-03  9.89826E-01  1.65132E-03  9.67289E-07  2.96558E-10  5.48520E-14
      30.115058  8.53822E-03  9.89787E-01  1.67358E-03  9.92339E-07  3.07987E-10  5.76969E-14
      30.215108  8.55496E-03  9.89748E-01  1.69609E-03  1.01799E-06  3.19830E-10  6.06818E-14
      30.315158  8.57188E-03  9.89708E-01  1.71885E-03  1.04424E-06  3.32102E-10  6.38133E-14
      30.415208  8.58899E-03  9.89668E-01  1.74187E-03  1.07113E-06  3.44818E-10  6.70984E-14
      30.515258  8.60630E-03  9.89627E-01  1.76513E-03  1.09865E-06  3.57994E-10  7.05443E-14
      30.615308  8.62380E-03  9.89586E-01  1.78866E-03  1.12683E-06  3.71645E-10  7.41585E-14
      30.715358  8.64148E-03  9.89545E-01  1.81244E-03  1.15567E-06  3.85786E-10  7.79489E-14
      30.815408  8.65937E-03  9.89503E-01  1.83648E-03  1.18519E-06  4.00436E-10  8.19237E-14
      30.915458  8.67745E-03  9.89461E-01  1.86079E-03  1.21542E-06  4.15612E-10  8.60918E-14
      31.015508  8.69573E-03  9.89418E-01  1.88537E-03  1.24636E-06  4.31334E-10  9.04623E-14
      31.115558  8.71421E-03  9.89374E-01  1.91023E-03  1.27803E-06  4.47619E-10  9.50448E-14
      31.215608  8.73289E-03  9.89330E-01  1.93535E-03  1.31045E-06  4.64488E-10  9.98491E-14
      31.315658  8.75179E-03  9.89286E-01  1.96075E-03  1.34364E-06  4.81959E-10  1.04885E-13
      31.415708  8.77089E-03  9.89241E-01  1.98643E-03  1.37760E-06  5.00054E-10  1.10165E-13
      31.515758  8.79020E-03  9.89196E-01  2.01239E-03  1.41237E-06  5.18795E-10  1.15698E-13
      31.615808  8.80973E-03  9.89150E-01  2.03864E-03  1.44795E-06  5.38205E-10  1.21499E-13
      31.715858  8.82947E-03  9.89104E-01  2.06518E-03  1.48438E-06  5.58308E-10  1.27578E-13
      31.815908  8.84943E-03  9.89057E-01  2.09202E-03  1.52166E-06  5.79126E-10  1.33949E-13
      31.915958  8.86960E-03  9.89010E-01  2.11914E-03  1.55981E-06  6.00684E-10  1.40626E-13
      32.016008  8.89001E-03  9.88962E-01  2.14657E-03  1.59886E-06  6.23008E-10  1.47622E-13
      32.116058  8.91064E-03  9.88913E-01  2.17430E-03  1.63882E-06  6.46124E-10  1.54953E-13
      32.216108  8.93149E-03  9.88864E-01  2.20233E-03  1.67973E-06  6.70062E-10  1.62635E-13
      32.316158  8.95258E-03  9.88815E-01  2.23067E-03  1.72159E-06  6.94849E-10  1.70684E-13
      32.416208  8.97389E-03  9.88765E-01  2.25933E-03  1.76444E-06  7.20515E-10  1.79117E-13
      32.516258  8.99545E-03  9.88714E-01  2.28830E-03  1.80829E-06  7.47090E-10  1.87952E-13
      32.616308  9.01724E-03  9.88663E-01  2.31759E-03  1.85316E-06  7.74604E-10  1.97207E-13
      32.716358  9.03927E-03  9.88612E-01  2.34721E-03  1.89908E-06  8.03091E-10  2.06902E-13
      32.816408  9.06155E-03  9.88559E-01  2.37715E-03  1.94608E-06  8.32585E-10  2.17058E-13
      32.916458  9.08408E-03  9.88507E-01  2.40742E-03  1.99418E-06  8.63123E-10  2.27697E-13
      33.016508  9.10685E-03  9.88453E-01  2.43803E-03  2.04340E-06  8.94739E-10  2.38841E-13
      33.116558  9.12988E-03  9.88399E-01  2.46898E-03  2.09378E-06  9.27471E-10  2.50513E-13
      33.216608  9.15316E-03  9.88344E-01  2.50027E-03  2.14533E-06  9.61357E-10  2.62738E-13
      33.316658  9.17670E-03  9.88289E-01  2.53190E-03  2.19808E-06  9.96436E-10  2.75541E-13
      33.416708  9.20050E-03  9.88233E-01  2.56389E-03  2.25207E-06  1.03275E-09  2.88950E-13
      33.516758  9.22456E-03  9.88177E-01  2.59623E-03  2.30732E-06  1.07035E-09  3.02993E-13
      33.616808  9.24890E-03  9.88120E-01  2.62893E-03  2.36386E-06  1.10927E-09  3.17700E-13
      33.716858  9.27350E-03  9.88062E-01  2.66199E-03  2.42171E-06  1.14956E-09  3.33102E-13
      33.816908  9.29838E-03  9.88004E-01  2.69542E-03  2.48092E-06  1.19127E-09  3.49230E-13
      33.916958  9.32354E-03  9.87945E-01  2.72922E-03  2.54151E-06  1.23444E-09  3.66117E-13
      34.017009  9.34897E-03  9.87885E-01  2.76339E-03  2.60351E-06  1.27913E-09  3.83801E-13
      34.117059  9.37469E-03  9.87825E-01  2.79795E-03  2.66695E-06  1.32539E-09  4.02318E-13
      34.217109  9.40069E-03  9.87764E-01  2.83289E-03  2.73188E-06  1.37328E-09  4.21706E-13
      34.317159  9.42699E-03  9.87702E-01  2.86822E-03  2.79832E-06  1.42285E-09  4.42008E-13
      34.417209  9.45358E-03  9.87640E-01  2.90394E-03  2.86631E-06  1.47416E-09  4.63263E-13
      34.517259  9.48046E-03  9.87577E-01  2.94006E-03  2.93588E-06  1.52727E-09  4.85517E-13
      34.617309  9.50765E-03  9.87513E-01  2.97658E-03  3.00707E-06  1.58224E-09  5.08816E-13
      34.717359  9.53514E-03  9.87448E-01  3.01350E-03  3.07992E-06  1.63915E-09  5.33209E-13
      34.817409  9.56293E-03  9.87383E-01  3.05085E-03  3.15447E-06  1.69804E-09  5.58748E-13
      34.917459  9.59104E-03  9.87317E-01  3.08860E-03  3.23075E-06  1.75901E-09  5.85485E-13
      35.017509  9.61946E-03  9.87250E-01  3.12678E-03  3.30881E-06  1.82211E-09  6.13475E-13
      35.117559  9.64820E-03  9.87183E-01  3.16539E-03  3.38869E-06  1.88741E-09  6.42777E-13
      35.217609  9.67727E-03  9.87115E-01  3.20442E-03  3.47042E-06  1.95501E-09  6.73451E-13
      35.317659  9.70666E-03  9.87046E-01  3.24389E-03  3.55406E-06  2.02497E-09  7.05561E-13
      35.417709  9.73638E-03  9.86976E-01  3.28380E-03  3.63964E-06  2.09738E-09  7.39175E-13
      35.517759  9.76643E-03  9.86906E-01  3.32416E-03  3.72721E-06  2.17233E-09  7.74362E-13
      35.617809  9.79681E-03  9.86834E-01  3.36497E-03  3.81683E-06  2.24989E-09  8.11195E-13
      35.717859  9.82754E-03  9.86762E-01  3.40624E-03  3.90852E-06  2.33017E-09  8.49750E-13
      35.817909  9.85861E-03  9.86689E-01  3.44797E-03  4.00234E-06  2.41326E-09  8.90105E-13
      35.917959  9.89003E-03  9.86616E-01  3.49016E-03  4.09834E-06  2.49925E-09  9.32345E-13
      36.018009  9.92181E-03  9.86541E-01  3.53282E-03  4.19657E-06  2.58824E-09  9.76559E-13
      36.118059  9.95394E-03  9.86466E-01  3.57597E-03  4.29709E-06  2.68035E-09  1.02284E-12
      36.218109  9.98643E-03  9.86390E-01  3.61959E-03  4.39994E-06  2.77567E-09  1.07128E-12
      36.318159  1.00193E-02  9.86313E-01  3.66371E-03  4.50518E-06  2.87432E-09  1.12197E-12
      36.418209  1.00525E-02  9.86235E-01  3.70831E-03  4.61286E-06  2.97640E-09  1.17503E-12
      36.518259  1.00861E-02  9.86156E-01  3.75341E-03  4.72303E-06  3.08205E-09  1.23056E-12
      36.618309  1.01201E-02  9.86076E-01  3.79902E-03  4.83575E-06  3.19139E-09  1.28868E-12
      36.718359  1.01544E-02  9.85995E-01  3.84514E-03  4.95110E-06  3.30454E-09  1.34951E-12
      36.818409  1.01892E-02  9.85914E-01  3.89177E-03  5.06912E-06  3.42163E-09  1.41317E-12
      36.918459  1.02243E-02  9.85832E-01  3.93893E-03  5.18987E-06  3.54280E-09  1.47979E-12
      37.018509  1.02598E-02  9.85748E-01  3.98661E-03  5.31341E-06  3.66819E-09  1.54950E-12
      37.118559  1.02957E-02  9.85664E-01  4.03482E-03  5.43980E-06  3.79794E-09  1.62246E-12
      37.218609  1.03321E-02  9.85579E-01  4.08357E-03  5.56912E-06  3.93220E-09  1.69881E-12
      37.318659  1.03688E-02  9.85493E-01  4.13286E-03  5.70144E-06  4.07114E-09  1.77870E-12
      37.418709  1.04059E-02  9.85406E-01  4.18271E-03  5.83681E-06  4.21491E-09  1.86231E-12
      37.518759  1.04435E-02  9.85317E-01  4.23311E-03  5.97531E-06  4.36368E-09  1.94979E-12
      37.618809  1.04815E-02  9.85228E-01  4.28406E-03  6.11700E-06  4.51760E-09  2.04133E-12
      37.718859  1.05198E-02  9.85138E-01  4.33559E-03  6.26195E-06  4.67687E-09  2.13712E-12
      37.818909  1.05587E-02  9.85047E-01  4.38768E-03  6.41025E-06  4.84166E-09  2.23734E-12
      37.918959  1.05979E-02  9.84955E-01  4.44036E-03  6.56196E-06  5.01217E-09  2.34220E-12
      38.019010  1.06376E-02  9.84862E-01  4.49362E-03  6.71717E-06  5.18860E-09  2.45192E-12
      38.119060  1.06778E-02  9.84768E-01  4.54747E-03  6.87595E-06  5.37113E-09  2.56672E-12
      38.219110  1.07183E-02  9.84673E-01  4.60192E-03  7.03837E-06  5.55998E-09  2.68682E-12
      38.319160  1.07594E-02  9.84576E-01  4.65696E-03  7.20452E-06  5.75536E-09  2.81248E-12
      38.419210  1.08009E-02  9.84479E-01  4.71262E-03  7.37449E-06  5.95749E-09  2.94393E-12
      38.519260  1.08428E-02  9.84381E-01  4.76888E-03  7.54834E-06  6.16661E-09  3.08145E-12
      38.619310  1.08852E-02  9.84281E-01  4.82577E-03  7.72619E-06  6.38295E-09  3.22532E-12
      38.719360  1.09281E-02  9.84181E-01  4.88329E-03  7.90811E-06  6.60675E-09  3.37582E-12
      38.819410  1.09714E-02  9.84079E-01  4.94144E-03  8.09418E-06  6.83827E-09  3.53325E-12
      38.919460  1.10153E-02  9.83976E-01  5.00022E-03  8.28450E-06  7.07776E-09  3.69793E-12
      39.019510  1.10596E-02  9.83872E-01  5.05965E-03  8.47916E-06  7.32549E-09  3.87018E-12
      39.119560  1.11044E-02  9.83767E-01  5.11973E-03  8.67826E-06  7.58175E-09  4.05035E-12
      39.219610  1.11497E-02  9.83661E-01  5.18046E-03  8.88189E-06  7.84681E-09  4.23879E-12
      39.319660  1.11955E-02  9.83554E-01  5.24186E-03  9.09017E-06  8.12098E-09  4.43590E-12
      39.419710  1.12418E-02  9.83445E-01  5.30392E-03  9.30317E-06  8.40456E-09  4.64204E-12
      39.519760  1.12885E-02  9.83335E-01  5.36666E-03  9.52100E-06  8.69784E-09  4.85762E-12
      39.619810  1.13358E-02  9.83224E-01  5.43008E-03  9.74376E-06  9.00116E-09  5.08308E-12
      39.719860  1.13837E-02  9.83112E-01  5.49418E-03  9.97156E-06  9.31486E-09  5.31884E-12
      39.819910  1.14320E-02  9.82999E-01  5.55898E-03  1.02045E-05  9.63929E-09  5.56539E-12
      39.919960  1.14809E-02  9.82884E-01  5.62448E-03  1.04427E-05  9.97479E-09  5.82320E-12
      40.020010  1.15302E-02  9.82768E-01  5.69068E-03  1.06863E-05  1.03217E-08  6.09278E-12
      40.120060  1.15802E-02  9.82651E-01  5.75759E-03  1.09354E-05  1.06805E-08  6.37464E-12
      40.220110  1.16306E-02  9.82533E-01  5.82522E-03  1.11901E-05  1.10515E-08  6.66933E-12
      40.320160  1.16816E-02  9.82413E-01  5.89356E-03  1.14505E-05  1.14350E-08  6.97742E-12
      40.420210  1.17332E-02  9.82292E-01  5.96264E-03  1.17167E-05  1.18316E-08  7.29952E-12
      40.520260  1.17853E-02  9.82170E-01  6.03245E-03  1.19889E-05  1.22417E-08  7.63626E-12
      40.620310  1.18379E-02  9.82047E-01  6.10301E-03  1.22671E-05  1.26656E-08  7.98826E-12
      40.720360  1.18911E-02  9.81922E-01  6.17431E-03  1.25516E-05  1.31039E-08  8.35621E-12
      40.820410  1.19449E-02  9.81796E-01  6.24636E-03  1.28424E-05  1.35570E-08  8.74080E-12
      40.920460  1.19992E-02  9.81668E-01  6.31916E-03  1.31397E-05  1.40253E-08  9.14277E-12
      41.020510  1.20541E-02  9.81540E-01  6.39274E-03  1.34436E-05  1.45095E-08  9.56289E-12
      41.120560  1.21096E-02  9.81410E-01  6.46708E-03  1.37542E-05  1.50099E-08  1.00020E-11
      41.220610  1.21657E-02  9.81278E-01  6.54220E-03  1.40717E-05  1.55271E-08  1.04608E-11
      41.320660  1.22224E-02  9.81145E-01  6.61810E-03  1.43962E-05  1.60617E-08  1.09403E-11
      41.420710  1.22796E-02  9.81011E-01  6.69479E-03  1.47278E-05  1.66142E-08  1.14413E-11
      41.520760  1.23375E-02  9.80875E-01  6.77226E-03  1.50667E-05  1.71852E-08  1.19648E-11
      41.620810  1.23959E-02  9.80738E-01  6.85054E-03  1.54131E-05  1.77752E-08  1.25117E-11
      41.720860  1.24550E-02  9.80600E-01  6.92962E-03  1.57670E-05  1.83849E-08  1.30831E-11
      41.820910  1.25147E-02  9.80460E-01  7.00951E-03  1.61287E-05  1.90150E-08  1.36801E-11
      41.920960  1.25749E-02  9.80318E-01  7.09022E-03  1.64983E-05  1.96659E-08  1.43037E-11
      42.021011  1.26358E-02  9.80176E-01  7.17175E-03  1.68759E-05  2.03385E-08  1.49550E-11
      42.121061  1.26973E-02  9.80031E-01  7.25410E-03  1.72618E-05  2.10333E-08  1.56353E-11
      42.221111  1.27595E-02  9.79886E-01  7.33729E-03  1.76559E-05  2.17510E-08  1.63458E-11
