# population in each right-qubit level over  time for $\ket{\Psi(t=0)} = \ket{11}$ (integrated over all cavity levels)
#        t [ns]            0            1            2            3            4            5
       0.000000  6.62091E-03  9.89739E-01  3.63995E-03  1.79343E-29  2.13395E-30  2.82134E-30
       0.100050  6.62091E-03  9.89739E-01  3.63995E-03  4.45039E-21  2.68005E-30  2.33992E-30
       0.200100  6.62091E-03  9.89739E-01  3.63995E-03  5.99175E-19  3.16586E-30  1.86020E-30
       0.300150  6.62091E-03  9.89739E-01  3.63995E-03  1.21352E-17  3.03553E-30  2.10479E-30
       0.400200  6.62091E-03  9.89739E-01  3.63995E-03  9.94481E-17  2.99875E-30  2.66986E-30
       0.500250  6.62091E-03  9.89739E-01  3.63995E-03  4.79345E-16  1.88266E-29  2.66258E-30
       0.600300  6.62091E-03  9.89739E-01  3.63995E-03  1.62875E-15  2.03425E-28  1.96999E-30
       0.700350  6.62091E-03  9.89739E-01  3.63995E-03  4.33476E-15  1.43157E-27  1.89984E-30
       0.800400  6.62091E-03  9.89739E-01  3.63995E-03  9.70562E-15  7.17936E-27  2.46446E-30
       0.900450  6.62091E-03  9.89739E-01  3.63995E-03  1.93015E-14  2.84507E-26  2.74233E-30
       1.000500  6.62091E-03  9.89739E-01  3.63995E-03  3.55483E-14  9.65682E-26  2.31317E-30
       1.100550  6.62091E-03  9.89739E-01  3.63995E-03  6.23622E-14  2.96938E-25  1.80282E-30
       1.200600  6.62091E-03  9.89739E-01  3.63995E-03  1.05605E-13  8.50122E-25  2.18907E-30
       1.300650  6.62091E-03  9.89739E-01  3.63995E-03  1.72961E-13  2.27552E-24  2.72068E-30
       1.400700  6.62091E-03  9.89739E-01  3.63995E-03  2.73280E-13  5.66836E-24  2.54787E-30
       1.500750  6.62091E-03  9.89739E-01  3.63995E-03  4.16099E-13  1.31223E-23  2.01649E-30
       1.600800  6.62091E-03  9.89739E-01  3.63995E-03  6.12283E-13  2.84022E-23  1.91672E-30
       1.700850  6.62091E-03  9.89739E-01  3.63995E-03  8.76078E-13  5.81653E-23  2.52413E-30
       1.800900  6.62091E-03  9.89739E-01  3.63995E-03  1.22761E-12  1.14251E-22  2.73012E-30
       1.900950  6.62091E-03  9.89739E-01  3.63995E-03  1.69398E-12  2.17559E-22  2.22222E-30
       2.001001  6.62091E-03  9.89739E-01  3.63995E-03  2.30778E-12  4.03637E-22  1.91944E-30
       2.101051  6.62091E-03  9.89739E-01  3.63995E-03  3.10360E-12  7.29566E-22  2.26964E-30
       2.201101  6.62091E-03  9.89739E-01  3.63995E-03  4.11546E-12  1.28206E-21  2.90556E-30
       2.301151  6.62091E-03  9.89739E-01  3.63995E-03  5.37796E-12  2.18857E-21  2.91819E-30
       2.401201  6.62092E-03  9.89739E-01  3.63995E-03  6.93196E-12  3.63602E-21  2.82254E-30
       2.501251  6.62092E-03  9.89739E-01  3.63995E-03  8.83173E-12  5.90296E-21  3.86938E-30
       2.601301  6.62092E-03  9.89739E-01  3.63995E-03  1.11486E-11  9.40742E-21  6.22675E-30
       2.701351  6.62092E-03  9.89739E-01  3.63995E-03  1.39676E-11  1.47660E-20  9.98377E-30
       2.801401  6.62092E-03  9.89739E-01  3.63996E-03  1.73787E-11  2.28544E-20  1.62090E-29
       2.901451  6.62092E-03  9.89739E-01  3.63996E-03  2.14685E-11  3.48678E-20  2.82691E-29
       3.001501  6.62092E-03  9.89739E-01  3.63996E-03  2.63196E-11  5.23955E-20  5.09968E-29
       3.101551  6.62092E-03  9.89739E-01  3.63996E-03  3.20212E-11  7.75486E-20  9.03074E-29
       3.201601  6.62092E-03  9.89739E-01  3.63996E-03  3.86832E-11  1.13175E-19  1.56904E-28
       3.301651  6.62093E-03  9.89739E-01  3.63996E-03  4.64460E-11  1.63166E-19  2.69351E-28
       3.401701  6.62093E-03  9.89739E-01  3.63997E-03  5.54780E-11  2.32799E-19  4.57746E-28
       3.501751  6.62093E-03  9.89739E-01  3.63997E-03  6.59601E-11  3.29062E-19  7.68465E-28
       3.601801  6.62093E-03  9.89739E-01  3.63997E-03  7.80695E-11  4.60927E-19  1.27204E-27
       3.701851  6.62094E-03  9.89739E-01  3.63998E-03  9.19747E-11  6.39677E-19  2.07726E-27
       3.801901  6.62094E-03  9.89739E-01  3.63998E-03  1.07847E-10  8.79460E-19  3.34691E-27
       3.901951  6.62095E-03  9.89739E-01  3.63999E-03  1.25885E-10  1.19822E-18  5.32180E-27
       4.002001  6.62095E-03  9.89739E-01  3.63999E-03  1.46327E-10  1.61900E-18  8.35767E-27
       4.102051  6.62096E-03  9.89739E-01  3.64000E-03  1.69457E-10  2.17127E-18  1.29784E-26
       4.202101  6.62096E-03  9.89739E-01  3.64001E-03  1.95577E-10  2.89215E-18  1.99496E-26
       4.302151  6.62097E-03  9.89739E-01  3.64002E-03  2.24992E-10  3.82736E-18  3.03678E-26
       4.402201  6.62098E-03  9.89739E-01  3.64003E-03  2.57996E-10  5.03233E-18  4.57807E-26
       4.502251  6.62099E-03  9.89739E-01  3.64004E-03  2.94889E-10  6.57420E-18  6.83547E-26
       4.602301  6.62100E-03  9.89739E-01  3.64005E-03  3.36002E-10  8.53505E-18  1.01111E-25
       4.702351  6.62101E-03  9.89739E-01  3.64006E-03  3.81725E-10  1.10160E-17  1.48259E-25
       4.802401  6.62103E-03  9.89739E-01  3.64008E-03  4.32496E-10  1.41411E-17  2.15629E-25
       4.902451  6.62104E-03  9.89739E-01  3.64009E-03  4.88778E-10  1.80606E-17  3.11220E-25
       5.002501  6.62106E-03  9.89739E-01  3.64011E-03  5.51027E-10  2.29529E-17  4.45870E-25
       5.102551  6.62107E-03  9.89739E-01  3.64013E-03  6.19688E-10  2.90285E-17  6.34115E-25
       5.202601  6.62109E-03  9.89739E-01  3.64016E-03  6.95220E-10  3.65354E-17  8.95349E-25
       5.302651  6.62112E-03  9.89739E-01  3.64018E-03  7.78142E-10  4.57704E-17  1.25544E-24
       5.402701  6.62114E-03  9.89739E-01  3.64021E-03  8.69054E-10  5.70900E-17  1.74888E-24
       5.502751  6.62117E-03  9.89739E-01  3.64024E-03  9.68624E-10  7.09208E-17  2.42146E-24
       5.602801  6.62119E-03  9.89739E-01  3.64027E-03  1.07753E-09  8.77640E-17  3.33336E-24
       5.702851  6.62123E-03  9.89738E-01  3.64030E-03  1.19643E-09  1.08198E-16  4.56267E-24
       5.802901  6.62126E-03  9.89738E-01  3.64034E-03  1.32593E-09  1.32883E-16  6.20986E-24
       5.902951  6.62130E-03  9.89738E-01  3.64038E-03  1.46666E-09  1.62583E-16  8.40385E-24
       6.003002  6.62134E-03  9.89738E-01  3.64043E-03  1.61932E-09  1.98190E-16  1.13106E-23
       6.103052  6.62138E-03  9.89738E-01  3.64048E-03  1.78479E-09  2.40762E-16  1.51443E-23
       6.203102  6.62143E-03  9.89738E-01  3.64053E-03  1.96404E-09  2.91549E-16  2.01806E-23
       6.303152  6.62148E-03  9.89738E-01  3.64059E-03  2.15806E-09  3.51993E-16  2.67709E-23
       6.403202  6.62153E-03  9.89738E-01  3.64065E-03  2.36780E-09  4.23725E-16  3.53570E-23
       6.503252  6.62159E-03  9.89738E-01  3.64071E-03  2.59407E-09  5.08561E-16  4.64888E-23
       6.603302  6.62166E-03  9.89738E-01  3.64079E-03  2.83766E-09  6.08539E-16  6.08494E-23
       6.703352  6.62172E-03  9.89737E-01  3.64086E-03  3.09947E-09  7.25999E-16  7.92908E-23
       6.803402  6.62180E-03  9.89737E-01  3.64095E-03  3.38061E-09  8.63672E-16  1.02883E-22
       6.903452  6.62188E-03  9.89737E-01  3.64103E-03  3.68241E-09  1.02475E-15  1.32968E-22
       7.003502  6.62196E-03  9.89737E-01  3.64113E-03  4.00626E-09  1.21291E-15  1.71222E-22
       7.103552  6.62205E-03  9.89737E-01  3.64123E-03  4.35351E-09  1.43224E-15  2.19702E-22
       7.203602  6.62215E-03  9.89737E-01  3.64134E-03  4.72529E-09  1.68726E-15  2.80911E-22
       7.303652  6.62225E-03  9.89736E-01  3.64146E-03  5.12263E-09  1.98288E-15  3.57873E-22
       7.403702  6.62237E-03  9.89736E-01  3.64158E-03  5.54659E-09  2.32462E-15  4.54262E-22
       7.503752  6.62248E-03  9.89736E-01  3.64172E-03  5.99851E-09  2.71881E-15  5.74571E-22
       7.603802  6.62261E-03  9.89736E-01  3.64186E-03  6.48001E-09  3.17276E-15  7.24319E-22
       7.703852  6.62275E-03  9.89735E-01  3.64201E-03  6.99292E-09  3.69484E-15  9.10256E-22
       7.803902  6.62289E-03  9.89735E-01  3.64217E-03  7.53904E-09  4.29437E-15  1.14055E-21
       7.903952  6.62304E-03  9.89735E-01  3.64234E-03  8.11998E-09  4.98152E-15  1.42495E-21
       8.004002  6.62320E-03  9.89734E-01  3.64253E-03  8.73711E-09  5.76730E-15  1.77502E-21
       8.104052  6.62338E-03  9.89734E-01  3.64272E-03  9.39178E-09  6.66373E-15  2.20451E-21
       8.204102  6.62356E-03  9.89734E-01  3.64292E-03  1.00855E-08  7.68433E-15  2.72985E-21
       8.304152  6.62375E-03  9.89733E-01  3.64314E-03  1.08202E-08  8.84444E-15  3.37079E-21
       8.404202  6.62396E-03  9.89733E-01  3.64337E-03  1.15981E-08  1.01615E-14  4.15106E-21
       8.504252  6.62417E-03  9.89732E-01  3.64361E-03  1.24214E-08  1.16549E-14  5.09894E-21
       8.604302  6.62440E-03  9.89732E-01  3.64387E-03  1.32922E-08  1.33458E-14  6.24774E-21
       8.704352  6.62464E-03  9.89731E-01  3.64414E-03  1.42123E-08  1.52568E-14  7.63646E-21
       8.804402  6.62490E-03  9.89731E-01  3.64443E-03  1.51836E-08  1.74126E-14  9.31069E-21
       8.904452  6.62517E-03  9.89730E-01  3.64473E-03  1.62078E-08  1.98402E-14  1.13240E-20
       9.004502  6.62545E-03  9.89729E-01  3.64505E-03  1.72873E-08  2.25700E-14  1.37395E-20
       9.104552  6.62575E-03  9.89729E-01  3.64538E-03  1.84245E-08  2.56359E-14  1.66318E-20
       9.204602  6.62606E-03  9.89728E-01  3.64574E-03  1.96220E-08  2.90753E-14  2.00883E-20
       9.304652  6.62640E-03  9.89727E-01  3.64611E-03  2.08824E-08  3.29288E-14  2.42109E-20
       9.404702  6.62674E-03  9.89727E-01  3.64650E-03  2.22080E-08  3.72399E-14  2.91173E-20
       9.504752  6.62711E-03  9.89726E-01  3.64691E-03  2.36010E-08  4.20557E-14  3.49433E-20
       9.604802  6.62749E-03  9.89725E-01  3.64734E-03  2.50637E-08  4.74274E-14  4.18468E-20
       9.704852  6.62790E-03  9.89724E-01  3.64780E-03  2.65988E-08  5.34121E-14  5.00112E-20
       9.804902  6.62832E-03  9.89723E-01  3.64827E-03  2.82094E-08  6.00725E-14  5.96503E-20
       9.904952  6.62877E-03  9.89722E-01  3.64877E-03  2.98985E-08  6.74771E-14  7.10105E-20
      10.005003  6.62923E-03  9.89721E-01  3.64929E-03  3.16689E-08  7.56993E-14  8.43751E-20
      10.105053  6.62972E-03  9.89720E-01  3.64984E-03  3.35232E-08  8.48174E-14  1.00067E-19
      10.205103  6.63023E-03  9.89719E-01  3.65041E-03  3.54640E-08  9.49153E-14  1.18455E-19
      10.305153  6.63076E-03  9.89718E-01  3.65101E-03  3.74941E-08  1.06085E-13  1.39965E-19
      10.405203  6.63132E-03  9.89717E-01  3.65164E-03  3.96168E-08  1.18427E-13  1.65084E-19
      10.505253  6.63191E-03  9.89716E-01  3.65230E-03  4.18357E-08  1.32054E-13  1.94376E-19
      10.605303  6.63252E-03  9.89714E-01  3.65298E-03  4.41547E-08  1.47086E-13  2.28486E-19
      10.705353  6.63315E-03  9.89713E-01  3.65370E-03  4.65769E-08  1.63650E-13  2.68140E-19
      10.805403  6.63382E-03  9.89712E-01  3.65444E-03  4.91051E-08  1.81881E-13  3.14160E-19
      10.905453  6.63451E-03  9.89710E-01  3.65522E-03  5.17422E-08  2.01919E-13  3.67470E-19
      11.005503  6.63523E-03  9.89709E-01  3.65603E-03  5.44911E-08  2.23920E-13  4.29122E-19
      11.105553  6.63599E-03  9.89707E-01  3.65688E-03  5.73556E-08  2.48055E-13  5.00320E-19
      11.205603  6.63677E-03  9.89705E-01  3.65776E-03  6.03402E-08  2.74512E-13  5.82441E-19
      11.305653  6.63759E-03  9.89704E-01  3.65868E-03  6.34493E-08  3.03495E-13  6.77050E-19
      11.405703  6.63844E-03  9.89702E-01  3.65963E-03  6.66871E-08  3.35218E-13  7.85898E-19
      11.505753  6.63933E-03  9.89700E-01  3.66062E-03  7.00569E-08  3.69903E-13  9.10936E-19
      11.605803  6.64025E-03  9.89698E-01  3.66166E-03  7.35614E-08  4.07782E-13  1.05433E-18
      11.705853  6.64121E-03  9.89696E-01  3.66273E-03  7.72037E-08  4.49101E-13  1.21852E-18
      11.805903  6.64220E-03  9.89694E-01  3.66385E-03  8.09878E-08  4.94136E-13  1.40626E-18
      11.905953  6.64323E-03  9.89692E-01  3.66501E-03  8.49186E-08  5.43187E-13  1.62069E-18
      12.006003  6.64430E-03  9.89689E-01  3.66621E-03  8.90015E-08  5.96585E-13  1.86537E-18
      12.106053  6.64542E-03  9.89687E-01  3.66746E-03  9.32416E-08  6.54677E-13  2.14425E-18
      12.206103  6.64657E-03  9.89685E-01  3.66876E-03  9.76429E-08  7.17823E-13  2.46170E-18
      12.306153  6.64777E-03  9.89682E-01  3.67010E-03  1.02209E-07  7.86389E-13  2.82254E-18
      12.406203  6.64902E-03  9.89679E-01  3.67150E-03  1.06942E-07  8.60762E-13  3.23209E-18
      12.506253  6.65031E-03  9.89677E-01  3.67294E-03  1.11848E-07  9.41362E-13  3.69631E-18
      12.606303  6.65164E-03  9.89674E-01  3.67444E-03  1.16929E-07  1.02865E-12  4.22193E-18
      12.706353  6.65302E-03  9.89671E-01  3.67599E-03  1.22194E-07  1.12314E-12  4.81652E-18
      12.806403  6.65445E-03  9.89668E-01  3.67759E-03  1.27646E-07  1.22537E-12  5.48851E-18
      12.906453  6.65593E-03  9.89665E-01  3.67925E-03  1.33293E-07  1.33589E-12  6.24716E-18
      13.006503  6.65746E-03  9.89661E-01  3.68097E-03  1.39137E-07  1.45528E-12  7.10259E-18
      13.106553  6.65905E-03  9.89658E-01  3.68275E-03  1.45183E-07  1.58414E-12  8.06590E-18
      13.206603  6.66069E-03  9.89655E-01  3.68459E-03  1.51433E-07  1.72308E-12  9.14935E-18
      13.306653  6.66238E-03  9.89651E-01  3.68649E-03  1.57894E-07  1.87280E-12  1.03667E-17
      13.406703  6.66413E-03  9.89647E-01  3.68845E-03  1.64572E-07  2.03406E-12  1.17331E-17
      13.506753  6.66594E-03  9.89643E-01  3.69048E-03  1.71472E-07  2.20765E-12  1.32656E-17
      13.606803  6.66780E-03  9.89639E-01  3.69257E-03  1.78602E-07  2.39440E-12  1.49828E-17
      13.706853  6.66973E-03  9.89635E-01  3.69473E-03  1.85965E-07  2.59519E-12  1.69049E-17
      13.806903  6.67172E-03  9.89631E-01  3.69696E-03  1.93566E-07  2.81088E-12  1.90539E-17
      13.906953  6.67377E-03  9.89627E-01  3.69926E-03  2.01409E-07  3.04242E-12  2.14541E-17
      14.007004  6.67588E-03  9.89622E-01  3.70163E-03  2.09501E-07  3.29081E-12  2.41321E-17
      14.107054  6.67806E-03  9.89618E-01  3.70408E-03  2.17847E-07  3.55713E-12  2.71175E-17
      14.207104  6.68031E-03  9.89613E-01  3.70660E-03  2.26454E-07  3.84254E-12  3.04429E-17
      14.307154  6.68263E-03  9.89608E-01  3.70920E-03  2.35328E-07  4.14825E-12  3.41437E-17
      14.407204  6.68501E-03  9.89603E-01  3.71188E-03  2.44475E-07  4.47547E-12  3.82584E-17
      14.507254  6.68747E-03  9.89598E-01  3.71463E-03  2.53899E-07  4.82550E-12  4.28287E-17
      14.607304  6.69001E-03  9.89592E-01  3.71747E-03  2.63606E-07  5.19967E-12  4.79002E-17
      14.707354  6.69261E-03  9.89587E-01  3.72039E-03  2.73602E-07  5.59944E-12  5.35231E-17
      14.807404  6.69529E-03  9.89581E-01  3.72340E-03  2.83894E-07  6.02635E-12  5.97525E-17
      14.907454  6.69805E-03  9.89575E-01  3.72649E-03  2.94489E-07  6.48204E-12  6.66485E-17
      15.007504  6.70089E-03  9.89569E-01  3.72967E-03  3.05393E-07  6.96819E-12  7.42760E-17
      15.107554  6.70380E-03  9.89563E-01  3.73294E-03  3.16612E-07  7.48651E-12  8.27051E-17
      15.207604  6.70680E-03  9.89557E-01  3.73631E-03  3.28152E-07  8.03877E-12  9.20113E-17
      15.307654  6.70988E-03  9.89550E-01  3.73976E-03  3.40016E-07  8.62685E-12  1.02277E-16
      15.407704  6.71305E-03  9.89543E-01  3.74332E-03  3.52213E-07  9.25276E-12  1.13592E-16
      15.507754  6.71630E-03  9.89536E-01  3.74696E-03  3.64751E-07  9.91870E-12  1.26055E-16
      15.607804  6.71964E-03  9.89529E-01  3.75071E-03  3.77637E-07  1.06269E-11  1.39775E-16
      15.707854  6.72307E-03  9.89522E-01  3.75456E-03  3.90879E-07  1.13798E-11  1.54866E-16
      15.807904  6.72660E-03  9.89514E-01  3.75850E-03  4.04483E-07  1.21797E-11  1.71451E-16
      15.907954  6.73021E-03  9.89507E-01  3.76256E-03  4.18453E-07  1.30289E-11  1.89662E-16
      16.008004  6.73392E-03  9.89499E-01  3.76672E-03  4.32794E-07  1.39300E-11  2.09641E-16
      16.108054  6.73772E-03  9.89491E-01  3.77098E-03  4.47513E-07  1.48858E-11  2.31544E-16
      16.208104  6.74162E-03  9.89483E-01  3.77536E-03  4.62619E-07  1.58991E-11  2.55542E-16
      16.308154  6.74562E-03  9.89474E-01  3.77984E-03  4.78122E-07  1.69731E-11  2.81820E-16
      16.408204  6.74972E-03  9.89465E-01  3.78444E-03  4.94032E-07  1.81110E-11  3.10576E-16
      16.508254  6.75392E-03  9.89456E-01  3.78915E-03  5.10353E-07  1.93161E-11  3.42022E-16
      16.608304  6.75823E-03  9.89447E-01  3.79398E-03  5.27090E-07  2.05915E-11  3.76379E-16
      16.708354  6.76264E-03  9.89438E-01  3.79892E-03  5.44249E-07  2.19405E-11  4.13886E-16
      16.808404  6.76716E-03  9.89428E-01  3.80399E-03  5.61836E-07  2.33666E-11  4.54801E-16
      16.908454  6.77178E-03  9.89418E-01  3.80918E-03  5.79859E-07  2.48738E-11  4.99407E-16
      17.008504  6.77652E-03  9.89408E-01  3.81449E-03  5.98329E-07  2.64662E-11  5.48014E-16
      17.108554  6.78137E-03  9.89398E-01  3.81993E-03  6.17257E-07  2.81482E-11  6.00953E-16
      17.208604  6.78633E-03  9.89388E-01  3.82549E-03  6.36650E-07  2.99241E-11  6.58572E-16
      17.308654  6.79141E-03  9.89377E-01  3.83119E-03  6.56515E-07  3.17982E-11  7.21239E-16
      17.408704  6.79660E-03  9.89366E-01  3.83701E-03  6.76855E-07  3.37747E-11  7.89343E-16
      17.508754  6.80191E-03  9.89354E-01  3.84297E-03  6.97677E-07  3.58581E-11  8.63301E-16
      17.608804  6.80734E-03  9.89343E-01  3.84906E-03  7.18988E-07  3.80536E-11  9.43568E-16
      17.708854  6.81289E-03  9.89331E-01  3.85529E-03  7.40800E-07  4.03664E-11  1.03064E-15
      17.808904  6.81857E-03  9.89319E-01  3.86166E-03  7.63123E-07  4.28022E-11  1.12505E-15
      17.908954  6.82437E-03  9.89307E-01  3.86816E-03  7.85968E-07  4.53668E-11  1.22735E-15
      18.009005  6.83030E-03  9.89294E-01  3.87481E-03  8.09341E-07  4.80657E-11  1.33815E-15
      18.109055  6.83636E-03  9.89281E-01  3.88161E-03  8.33248E-07  5.09045E-11  1.45806E-15
      18.209105  6.84255E-03  9.89268E-01  3.88854E-03  8.57695E-07  5.38892E-11  1.58774E-15
      18.309155  6.84887E-03  9.89255E-01  3.89563E-03  8.82689E-07  5.70260E-11  1.72790E-15
      18.409205  6.85532E-03  9.89241E-01  3.90287E-03  9.08241E-07  6.03217E-11  1.87931E-15
      18.509255  6.86191E-03  9.89227E-01  3.91025E-03  9.34363E-07  6.37835E-11  2.04281E-15
      18.609305  6.86863E-03  9.89213E-01  3.91780E-03  9.61064E-07  6.74185E-11  2.21927E-15
      18.709355  6.87549E-03  9.89198E-01  3.92549E-03  9.88353E-07  7.12341E-11  2.40960E-15
      18.809405  6.88249E-03  9.89183E-01  3.93335E-03  1.01624E-06  7.52376E-11  2.61479E-15
      18.909455  6.88963E-03  9.89168E-01  3.94136E-03  1.04472E-06  7.94364E-11  2.83583E-15
      19.009505  6.89692E-03  9.89152E-01  3.94953E-03  1.07382E-06  8.38386E-11  3.07385E-15
      19.109555  6.90436E-03  9.89137E-01  3.95787E-03  1.10353E-06  8.84526E-11  3.33000E-15
      19.209605  6.91194E-03  9.89121E-01  3.96637E-03  1.13388E-06  9.32874E-11  3.60556E-15
      19.309655  6.91967E-03  9.89104E-01  3.97504E-03  1.16487E-06  9.83520E-11  3.90184E-15
      19.409705  6.92754E-03  9.89087E-01  3.98387E-03  1.19651E-06  1.03655E-10  4.22024E-15
      19.509755  6.93557E-03  9.89070E-01  3.99288E-03  1.22880E-06  1.09207E-10  4.56221E-15
      19.609805  6.94375E-03  9.89053E-01  4.00206E-03  1.26177E-06  1.15016E-10  4.92930E-15
      19.709855  6.95209E-03  9.89035E-01  4.01141E-03  1.29541E-06  1.21092E-10  5.32316E-15
      19.809905  6.96058E-03  9.89017E-01  4.02094E-03  1.32973E-06  1.27447E-10  5.74557E-15
      19.909955  6.96923E-03  9.88999E-01  4.03064E-03  1.36476E-06  1.34091E-10  6.19839E-15
      20.010005  6.97804E-03  9.88980E-01  4.04052E-03  1.40049E-06  1.41036E-10  6.68361E-15
      20.110055  6.98701E-03  9.88961E-01  4.05059E-03  1.43695E-06  1.48293E-10  7.20327E-15
      20.210105  6.99615E-03  9.88942E-01  4.06084E-03  1.47413E-06  1.55872E-10  7.75950E-15
      20.310155  7.00546E-03  9.88922E-01  4.07128E-03  1.51204E-06  1.63786E-10  8.35457E-15
      20.410205  7.01493E-03  9.88902E-01  4.08190E-03  1.55070E-06  1.72047E-10  8.99091E-15
      20.510255  7.02456E-03  9.88881E-01  4.09271E-03  1.59011E-06  1.80668E-10  9.67113E-15
      20.610305  7.03437E-03  9.88860E-01  4.10371E-03  1.63030E-06  1.89663E-10  1.03980E-14
      20.710355  7.04434E-03  9.88839E-01  4.11490E-03  1.67127E-06  1.99047E-10  1.11744E-14
      20.810405  7.05449E-03  9.88818E-01  4.12629E-03  1.71303E-06  2.08832E-10  1.20033E-14
      20.910455  7.06481E-03  9.88796E-01  4.13787E-03  1.75560E-06  2.19033E-10  1.28878E-14
      21.010505  7.07531E-03  9.88773E-01  4.14965E-03  1.79897E-06  2.29663E-10  1.38311E-14
      21.110555  7.08599E-03  9.88751E-01  4.16164E-03  1.84315E-06  2.40737E-10  1.48368E-14
      21.210605  7.09685E-03  9.88727E-01  4.17382E-03  1.88817E-06  2.52271E-10  1.59084E-14
      21.310655  7.10789E-03  9.88704E-01  4.18621E-03  1.93403E-06  2.64283E-10  1.70501E-14
      21.410705  7.11912E-03  9.88680E-01  4.19880E-03  1.98076E-06  2.76790E-10  1.82659E-14
      21.510755  7.13053E-03  9.88656E-01  4.21160E-03  2.02836E-06  2.89809E-10  1.95603E-14
      21.610805  7.14212E-03  9.88631E-01  4.22460E-03  2.07684E-06  3.03357E-10  2.09375E-14
      21.710855  7.15391E-03  9.88606E-01  4.23782E-03  2.12621E-06  3.17450E-10  2.24022E-14
      21.810905  7.16587E-03  9.88581E-01  4.25125E-03  2.17647E-06  3.32105E-10  2.39591E-14
      21.910955  7.17803E-03  9.88555E-01  4.26490E-03  2.22764E-06  3.47341E-10  2.56135E-14
      22.011006  7.19038E-03  9.88529E-01  4.27877E-03  2.27974E-06  3.63180E-10  2.73711E-14
      22.111056  7.20293E-03  9.88502E-01  4.29285E-03  2.33278E-06  3.79643E-10  2.92376E-14
      22.211106  7.21567E-03  9.88475E-01  4.30715E-03  2.38679E-06  3.96751E-10  3.12193E-14
      22.311156  7.22861E-03  9.88447E-01  4.32167E-03  2.44176E-06  4.14525E-10  3.33224E-14
      22.411206  7.24176E-03  9.88419E-01  4.33641E-03  2.49771E-06  4.32984E-10  3.55531E-14
      22.511256  7.25510E-03  9.88391E-01  4.35138E-03  2.55464E-06  4.52148E-10  3.79182E-14
      22.611306  7.26865E-03  9.88362E-01  4.36658E-03  2.61257E-06  4.72041E-10  4.04249E-14
      22.711356  7.28239E-03  9.88333E-01  4.38201E-03  2.67151E-06  4.92686E-10  4.30809E-14
      22.811406  7.29635E-03  9.88303E-01  4.39767E-03  2.73149E-06  5.14111E-10  4.58944E-14
      22.911456  7.31050E-03  9.88273E-01  4.41356E-03  2.79252E-06  5.36339E-10  4.88738E-14
      23.011506  7.32487E-03  9.88243E-01  4.42969E-03  2.85461E-06  5.59397E-10  5.20278E-14
      23.111556  7.33945E-03  9.88212E-01  4.44605E-03  2.91777E-06  5.83309E-10  5.53653E-14
      23.211606  7.35423E-03  9.88180E-01  4.46265E-03  2.98201E-06  6.08098E-10  5.88955E-14
      23.311656  7.36924E-03  9.88148E-01  4.47949E-03  3.04735E-06  6.33793E-10  6.26282E-14
      23.411706  7.38446E-03  9.88116E-01  4.49657E-03  3.11380E-06  6.60420E-10  6.65739E-14
      23.511756  7.39990E-03  9.88083E-01  4.51390E-03  3.18138E-06  6.88012E-10  7.07437E-14
      23.611806  7.41555E-03  9.88050E-01  4.53147E-03  3.25011E-06  7.16598E-10  7.51490E-14
      23.711856  7.43143E-03  9.88016E-01  4.54930E-03  3.32000E-06  7.46209E-10  7.98018E-14
      23.811906  7.44753E-03  9.87982E-01  4.56737E-03  3.39107E-06  7.76873E-10  8.47141E-14
      23.911956  7.46385E-03  9.87947E-01  4.58569E-03  3.46332E-06  8.08620E-10  8.98987E-14
      24.012006  7.48040E-03  9.87912E-01  4.60426E-03  3.53678E-06  8.41483E-10  9.53688E-14
      24.112056  7.49717E-03  9.87876E-01  4.62309E-03  3.61146E-06  8.75496E-10  1.01139E-13
      24.212106  7.51417E-03  9.87840E-01  4.64217E-03  3.68738E-06  9.10695E-10  1.07223E-13
      24.312156  7.53140E-03  9.87803E-01  4.66152E-03  3.76456E-06  9.47115E-10  1.13638E-13
      24.412206  7.54886E-03  9.87766E-01  4.68113E-03  3.84302E-06  9.84792E-10  1.20399E-13
      24.512256  7.56656E-03  9.87729E-01  4.70100E-03  3.92276E-06  1.02376E-09  1.27522E-13
      24.612306  7.58450E-03  9.87690E-01  4.72114E-03  4.00381E-06  1.06405E-09  1.35024E-13
      24.712356  7.60267E-03  9.87652E-01  4.74154E-03  4.08618E-06  1.10572E-09  1.42924E-13
      24.812406  7.62109E-03  9.87613E-01  4.76221E-03  4.16988E-06  1.14878E-09  1.51240E-13
      24.912456  7.63974E-03  9.87573E-01  4.78314E-03  4.25496E-06  1.19330E-09  1.59993E-13
      25.012506  7.65864E-03  9.87533E-01  4.80436E-03  4.34142E-06  1.23931E-09  1.69203E-13
      25.112556  7.67777E-03  9.87492E-01  4.82584E-03  4.42928E-06  1.28686E-09  1.78892E-13
      25.212606  7.69716E-03  9.87451E-01  4.84761E-03  4.51856E-06  1.33597E-09  1.89080E-13
      25.312656  7.71679E-03  9.87409E-01  4.86966E-03  4.60927E-06  1.38671E-09  1.99792E-13
      25.412706  7.73667E-03  9.87367E-01  4.89199E-03  4.70143E-06  1.43910E-09  2.11049E-13
      25.512756  7.75680E-03  9.87324E-01  4.91460E-03  4.79506E-06  1.49321E-09  2.22879E-13
      25.612806  7.77719E-03  9.87280E-01  4.93749E-03  4.89020E-06  1.54908E-09  2.35308E-13
      25.712856  7.79783E-03  9.87237E-01  4.96067E-03  4.98686E-06  1.60677E-09  2.48364E-13
      25.812906  7.81874E-03  9.87192E-01  4.98414E-03  5.08507E-06  1.66632E-09  2.62075E-13
      25.912956  7.83991E-03  9.87147E-01  5.00790E-03  5.18484E-06  1.72778E-09  2.76470E-13
      26.013007  7.86133E-03  9.87101E-01  5.03196E-03  5.28619E-06  1.79121E-09  2.91577E-13
      26.113057  7.88302E-03  9.87055E-01  5.05632E-03  5.38914E-06  1.85664E-09  3.07429E-13
      26.213107  7.90498E-03  9.87009E-01  5.08097E-03  5.49370E-06  1.92415E-09  3.24059E-13
      26.313157  7.92719E-03  9.86961E-01  5.10593E-03  5.59993E-06  1.99379E-09  3.41502E-13
      26.413207  7.94968E-03  9.86913E-01  5.13118E-03  5.70783E-06  2.06563E-09  3.59797E-13
      26.513257  7.97244E-03  9.86865E-01  5.15675E-03  5.81745E-06  2.13973E-09  3.78980E-13
      26.613307  7.99547E-03  9.86816E-01  5.18261E-03  5.92880E-06  2.21615E-09  3.99091E-13
      26.713357  8.01878E-03  9.86766E-01  5.20879E-03  6.04189E-06  2.29493E-09  4.20166E-13
      26.813407  8.04237E-03  9.86716E-01  5.23529E-03  6.15675E-06  2.37616E-09  4.42247E-13
      26.913457  8.06625E-03  9.86665E-01  5.26210E-03  6.27339E-06  2.45988E-09  4.65377E-13
      27.013507  8.09041E-03  9.86614E-01  5.28923E-03  6.39187E-06  2.54617E-09  4.89604E-13
      27.113557  8.11485E-03  9.86562E-01  5.31668E-03  6.51221E-06  2.63512E-09  5.14976E-13
      27.213607  8.13958E-03  9.86509E-01  5.34446E-03  6.63444E-06  2.72679E-09  5.41544E-13
      27.313657  8.16460E-03  9.86456E-01  5.37255E-03  6.75859E-06  2.82126E-09  5.69359E-13
      27.413707  8.18990E-03  9.86402E-01  5.40098E-03  6.88467E-06  2.91859E-09  5.98471E-13
      27.513757  8.21550E-03  9.86348E-01  5.42973E-03  7.01272E-06  3.01886E-09  6.28933E-13
      27.613807  8.24140E-03  9.86293E-01  5.45882E-03  7.14276E-06  3.12215E-09  6.60802E-13
      27.713857  8.26759E-03  9.86237E-01  5.48825E-03  7.27482E-06  3.22853E-09  6.94139E-13
      27.813907  8.29409E-03  9.86180E-01  5.51802E-03  7.40894E-06  3.33811E-09  7.29008E-13
      27.913957  8.32090E-03  9.86123E-01  5.54814E-03  7.54517E-06  3.45097E-09  7.65475E-13
      28.014007  8.34802E-03  9.86066E-01  5.57860E-03  7.68353E-06  3.56720E-09  8.03606E-13
      28.114057  8.37545E-03  9.86007E-01  5.60940E-03  7.82404E-06  3.68688E-09  8.43470E-13
      28.214107  8.40319E-03  9.85948E-01  5.64056E-03  7.96674E-06  3.81010E-09  8.85136E-13
      28.314157  8.43125E-03  9.85889E-01  5.67207E-03  8.11165E-06  3.93695E-09  9.28679E-13
      28.414207  8.45962E-03  9.85828E-01  5.70393E-03  8.25882E-06  4.06754E-09  9.74178E-13
      28.514257  8.48831E-03  9.85767E-01  5.73617E-03  8.40829E-06  4.20196E-09  1.02172E-12
      28.614307  8.51732E-03  9.85705E-01  5.76876E-03  8.56010E-06  4.34034E-09  1.07138E-12
      28.714357  8.54666E-03  9.85643E-01  5.80173E-03  8.71429E-06  4.48276E-09  1.12325E-12
      28.814407  8.57633E-03  9.85580E-01  5.83507E-03  8.87089E-06  4.62934E-09  1.17743E-12
      28.914457  8.60633E-03  9.85516E-01  5.86877E-03  9.02992E-06  4.78019E-09  1.23399E-12
      29.014507  8.63667E-03  9.85451E-01  5.90286E-03  9.19143E-06  4.93540E-09  1.29305E-12
      29.114557  8.66736E-03  9.85386E-01  5.93732E-03  9.35546E-06  5.09511E-09  1.35471E-12
      29.214607  8.69839E-03  9.85320E-01  5.97217E-03  9.52207E-06  5.25945E-09  1.41906E-12
      29.314657  8.72977E-03  9.85253E-01  6.00741E-03  9.69130E-06  5.42853E-09  1.48623E-12
      29.414707  8.76149E-03  9.85186E-01  6.04305E-03  9.86318E-06  5.60250E-09  1.55634E-12
      29.514757  8.79356E-03  9.85117E-01  6.07908E-03  1.00378E-05  5.78146E-09  1.62948E-12
      29.614807  8.82599E-03  9.85048E-01  6.11551E-03  1.02151E-05  5.96554E-09  1.70579E-12
      29.714857  8.85877E-03  9.84978E-01  6.15235E-03  1.03952E-05  6.15489E-09  1.78539E-12
      29.814907  8.89191E-03  9.84908E-01  6.18959E-03  1.05781E-05  6.34966E-09  1.86842E-12
      29.914957  8.92542E-03  9.84837E-01  6.22724E-03  1.07639E-05  6.54999E-09  1.95503E-12
      30.015008  8.95931E-03  9.84764E-01  6.26531E-03  1.09527E-05  6.75604E-09  2.04535E-12
      30.115058  8.99357E-03  9.84691E-01  6.30379E-03  1.11444E-05  6.96797E-09  2.13955E-12
      30.215108  9.02821E-03  9.84618E-01  6.34271E-03  1.13392E-05  7.18592E-09  2.23776E-12
      30.315158  9.06324E-03  9.84543E-01  6.38205E-03  1.15371E-05  7.41005E-09  2.34014E-12
      30.415208  9.09865E-03  9.84468E-01  6.42183E-03  1.17380E-05  7.64050E-09  2.44687E-12
      30.515258  9.13445E-03  9.84392E-01  6.46205E-03  1.19422E-05  7.87748E-09  2.55811E-12
      30.615308  9.17064E-03  9.84315E-01  6.50270E-03  1.21496E-05  8.12116E-09  2.67407E-12
      30.715358  9.20722E-03  9.84237E-01  6.54380E-03  1.23604E-05  8.37174E-09  2.79492E-12
      30.815408  9.24420E-03  9.84158E-01  6.58535E-03  1.25745E-05  8.62941E-09  2.92088E-12
      30.915458  9.28159E-03  9.84078E-01  6.62736E-03  1.27920E-05  8.89434E-09  3.05213E-12
      31.015508  9.31939E-03  9.83998E-01  6.66983E-03  1.30130E-05  9.16672E-09  3.18888E-12
      31.115558  9.35761E-03  9.83916E-01  6.71277E-03  1.32376E-05  9.44673E-09  3.33135E-12
      31.215608  9.39624E-03  9.83834E-01  6.75618E-03  1.34657E-05  9.73460E-09  3.47976E-12
      31.315658  9.43531E-03  9.83751E-01  6.80006E-03  1.36976E-05  1.00306E-08  3.63436E-12
      31.415708  9.47481E-03  9.83667E-01  6.84443E-03  1.39331E-05  1.03348E-08  3.79541E-12
      31.515758  9.51474E-03  9.83582E-01  6.88928E-03  1.41725E-05  1.06477E-08  3.96317E-12
      31.615808  9.55511E-03  9.83496E-01  6.93461E-03  1.44158E-05  1.09693E-08  4.13790E-12
      31.715858  9.59591E-03  9.83409E-01  6.98045E-03  1.46630E-05  1.12999E-08  4.31987E-12
      31.815908  9.63716E-03  9.83321E-01  7.02679E-03  1.49142E-05  1.16397E-08  4.50935E-12
      31.915958  9.67886E-03  9.83232E-01  7.07364E-03  1.51695E-05  1.19890E-08  4.70665E-12
      32.016008  9.72102E-03  9.83143E-01  7.12100E-03  1.54289E-05  1.23481E-08  4.91208E-12
      32.116058  9.76364E-03  9.83052E-01  7.16889E-03  1.56926E-05  1.27172E-08  5.12598E-12
      32.216108  9.80673E-03  9.82960E-01  7.21730E-03  1.59607E-05  1.30966E-08  5.34870E-12
      32.316158  9.85029E-03  9.82867E-01  7.26623E-03  1.62331E-05  1.34867E-08  5.58059E-12
      32.416208  9.89434E-03  9.82773E-01  7.31571E-03  1.65101E-05  1.38877E-08  5.82199E-12
      32.516258  9.93888E-03  9.82679E-01  7.36572E-03  1.67915E-05  1.42998E-08  6.07327E-12
      32.616308  9.98390E-03  9.82583E-01  7.41628E-03  1.70776E-05  1.47234E-08  6.33482E-12
      32.716358  1.00294E-02  9.82486E-01  7.46740E-03  1.73685E-05  1.51588E-08  6.60706E-12
      32.816408  1.00754E-02  9.82388E-01  7.51909E-03  1.76642E-05  1.56063E-08  6.89042E-12
      32.916458  1.01220E-02  9.82289E-01  7.57135E-03  1.79648E-05  1.60664E-08  7.18536E-12
      33.016508  1.01690E-02  9.82189E-01  7.62418E-03  1.82704E-05  1.65393E-08  7.49234E-12
      33.116558  1.02165E-02  9.82087E-01  7.67758E-03  1.85811E-05  1.70253E-08  7.81181E-12
      33.216608  1.02646E-02  9.81985E-01  7.73158E-03  1.88970E-05  1.75249E-08  8.14427E-12
      33.316658  1.03132E-02  9.81881E-01  7.78616E-03  1.92182E-05  1.80385E-08  8.49023E-12
      33.416708  1.03623E-02  9.81777E-01  7.84135E-03  1.95448E-05  1.85663E-08  8.85023E-12
      33.516758  1.04120E-02  9.81671E-01  7.89714E-03  1.98769E-05  1.91089E-08  9.22484E-12
      33.616808  1.04623E-02  9.81564E-01  7.95356E-03  2.02147E-05  1.96666E-08  9.61464E-12
      33.716858  1.05131E-02  9.81456E-01  8.01060E-03  2.05581E-05  2.02398E-08  1.00203E-11
      33.816908  1.05644E-02  9.81346E-01  8.06827E-03  2.09074E-05  2.08291E-08  1.04423E-11
      33.916958  1.06164E-02  9.81236E-01  8.12657E-03  2.12626E-05  2.14348E-08  1.08814E-11
      34.017009  1.06688E-02  9.81124E-01  8.18551E-03  2.16238E-05  2.20573E-08  1.13382E-11
      34.117059  1.07219E-02  9.81011E-01  8.24511E-03  2.19912E-05  2.26973E-08  1.18134E-11
      34.217109  1.07756E-02  9.80897E-01  8.30536E-03  2.23649E-05  2.33550E-08  1.23079E-11
      34.317159  1.08298E-02  9.80781E-01  8.36628E-03  2.27450E-05  2.40312E-08  1.28223E-11
      34.417209  1.08847E-02  9.80664E-01  8.42787E-03  2.31316E-05  2.47263E-08  1.33574E-11
      34.517259  1.09401E-02  9.80546E-01  8.49015E-03  2.35249E-05  2.54408E-08  1.39141E-11
      34.617309  1.09962E-02  9.80427E-01  8.55312E-03  2.39250E-05  2.61753E-08  1.44933E-11
      34.717359  1.10529E-02  9.80306E-01  8.61679E-03  2.43319E-05  2.69302E-08  1.50956E-11
      34.817409  1.11103E-02  9.80184E-01  8.68116E-03  2.47460E-05  2.77062E-08  1.57222E-11
      34.917459  1.11683E-02  9.80060E-01  8.74624E-03  2.51672E-05  2.85040E-08  1.63741E-11
      35.017509  1.12269E-02  9.79935E-01  8.81204E-03  2.55957E-05  2.93241E-08  1.70521E-11
      35.117559  1.12862E-02  9.79809E-01  8.87857E-03  2.60317E-05  3.01672E-08  1.77574E-11
      35.217609  1.13461E-02  9.79682E-01  8.94584E-03  2.64754E-05  3.10339E-08  1.84910E-11
      35.317659  1.14067E-02  9.79552E-01  9.01386E-03  2.69268E-05  3.19248E-08  1.92540E-11
      35.417709  1.14680E-02  9.79422E-01  9.08264E-03  2.73860E-05  3.28407E-08  2.00476E-11
      35.517759  1.15299E-02  9.79290E-01  9.15218E-03  2.78534E-05  3.37822E-08  2.08730E-11
      35.617809  1.15926E-02  9.79157E-01  9.22249E-03  2.83290E-05  3.47501E-08  2.17314E-11
      35.717859  1.16559E-02  9.79022E-01  9.29358E-03  2.88130E-05  3.57452E-08  2.26243E-11
      35.817909  1.17200E-02  9.78885E-01  9.36545E-03  2.93055E-05  3.67683E-08  2.35530E-11
      35.917959  1.17847E-02  9.78747E-01  9.43812E-03  2.98068E-05  3.78201E-08  2.45189E-11
      36.018009  1.18502E-02  9.78608E-01  9.51160E-03  3.03169E-05  3.89014E-08  2.55234E-11
      36.118059  1.19164E-02  9.78467E-01  9.58590E-03  3.08361E-05  4.00130E-08  2.65681E-11
      36.218109  1.19834E-02  9.78324E-01  9.66103E-03  3.13645E-05  4.11558E-08  2.76544E-11
      36.318159  1.20511E-02  9.78180E-01  9.73699E-03  3.19024E-05  4.23308E-08  2.87842E-11
      36.418209  1.21195E-02  9.78034E-01  9.81380E-03  3.24498E-05  4.35388E-08  2.99592E-11
      36.518259  1.21888E-02  9.77887E-01  9.89145E-03  3.30071E-05  4.47809E-08  3.11812E-11
      36.618309  1.22587E-02  9.77738E-01  9.96996E-03  3.35743E-05  4.60580E-08  3.24520E-11
      36.718359  1.23295E-02  9.77587E-01  1.00493E-02  3.41517E-05  4.73709E-08  3.37735E-11
      36.818409  1.24011E-02  9.77435E-01  1.01296E-02  3.47395E-05  4.87208E-08  3.51477E-11
      36.918459  1.24734E-02  9.77280E-01  1.02108E-02  3.53378E-05  5.01087E-08  3.65766E-11
      37.018509  1.25466E-02  9.77125E-01  1.02928E-02  3.59470E-05  5.15357E-08  3.80626E-11
      37.118559  1.26206E-02  9.76967E-01  1.03758E-02  3.65671E-05  5.30029E-08  3.96078E-11
      37.218609  1.26954E-02  9.76808E-01  1.04597E-02  3.71984E-05  5.45116E-08  4.12146E-11
      37.318659  1.27710E-02  9.76647E-01  1.05445E-02  3.78412E-05  5.60628E-08  4.28855E-11
      37.418709  1.28474E-02  9.76484E-01  1.06302E-02  3.84956E-05  5.76578E-08  4.46230E-11
      37.518759  1.29247E-02  9.76319E-01  1.07169E-02  3.91619E-05  5.92978E-08  4.64295E-11
      37.618809  1.30029E-02  9.76153E-01  1.08045E-02  3.98402E-05  6.09840E-08  4.83079E-11
      37.718859  1.30819E-02  9.75984E-01  1.08931E-02  4.05309E-05  6.27177E-08  5.02610E-11
      37.818909  1.31618E-02  9.75814E-01  1.09827E-02  4.12342E-05  6.45005E-08  5.22917E-11
      37.918959  1.32426E-02  9.75642E-01  1.10733E-02  4.19503E-05  6.63337E-08  5.44033E-11
      38.019010  1.33243E-02  9.75468E-01  1.11649E-02  4.26795E-05  6.82187E-08  5.65989E-11
      38.119060  1.34069E-02  9.75292E-01  1.12575E-02  4.34220E-05  7.01569E-08  5.88816E-11
      38.219110  1.34904E-02  9.75114E-01  1.13510E-02  4.41781E-05  7.21498E-08  6.12549E-11
      38.319160  1.35748E-02  9.74934E-01  1.14457E-02  4.49479E-05  7.41990E-08  6.37223E-11
      38.419210  1.36602E-02  9.74753E-01  1.15413E-02  4.57319E-05  7.63061E-08  6.62876E-11
      38.519260  1.37465E-02  9.74569E-01  1.16380E-02  4.65302E-05  7.84728E-08  6.89547E-11
      38.619310  1.38337E-02  9.74383E-01  1.17357E-02  4.73432E-05  8.07008E-08  7.17275E-11
      38.719360  1.39218E-02  9.74195E-01  1.18346E-02  4.81712E-05  8.29919E-08  7.46103E-11
      38.819410  1.40110E-02  9.74005E-01  1.19345E-02  4.90143E-05  8.53476E-08  7.76072E-11
      38.919460  1.41011E-02  9.73814E-01  1.20354E-02  4.98729E-05  8.77700E-08  8.07226E-11
      39.019510  1.41922E-02  9.73619E-01  1.21375E-02  5.07473E-05  9.02607E-08  8.39612E-11
      39.119560  1.42843E-02  9.73423E-01  1.22407E-02  5.16378E-05  9.28217E-08  8.73278E-11
      39.219610  1.43774E-02  9.73225E-01  1.23450E-02  5.25447E-05  9.54552E-08  9.08275E-11
      39.319660  1.44715E-02  9.73025E-01  1.24504E-02  5.34683E-05  9.81632E-08  9.44656E-11
      39.419710  1.45667E-02  9.72822E-01  1.25569E-02  5.44089E-05  1.00948E-07  9.82473E-11
      39.519760  1.46628E-02  9.72617E-01  1.26646E-02  5.53669E-05  1.03811E-07  1.02178E-10
      39.619810  1.47600E-02  9.72410E-01  1.27735E-02  5.63425E-05  1.06755E-07  1.06264E-10
      39.719860  1.48583E-02  9.72201E-01  1.28835E-02  5.73361E-05  1.09782E-07  1.10511E-10
      39.819910  1.49575E-02  9.71989E-01  1.29947E-02  5.83480E-05  1.12895E-07  1.14924E-10
      39.919960  1.50579E-02  9.71776E-01  1.31070E-02  5.93786E-05  1.16095E-07  1.19512E-10
      40.020010  1.51593E-02  9.71560E-01  1.32206E-02  6.04282E-05  1.19386E-07  1.24280E-10
      40.120060  1.52618E-02  9.71341E-01  1.33354E-02  6.14972E-05  1.22770E-07  1.29236E-10
      40.220110  1.53654E-02  9.71120E-01  1.34514E-02  6.25859E-05  1.26249E-07  1.34386E-10
      40.320160  1.54702E-02  9.70897E-01  1.35686E-02  6.36947E-05  1.29826E-07  1.39738E-10
      40.420210  1.55760E-02  9.70672E-01  1.36870E-02  6.48240E-05  1.33504E-07  1.45300E-10
      40.520260  1.56829E-02  9.70444E-01  1.38067E-02  6.59741E-05  1.37285E-07  1.51080E-10
      40.620310  1.57910E-02  9.70214E-01  1.39277E-02  6.71454E-05  1.41173E-07  1.57086E-10
      40.720360  1.59002E-02  9.69981E-01  1.40499E-02  6.83383E-05  1.45170E-07  1.63327E-10
      40.820410  1.60106E-02  9.69746E-01  1.41733E-02  6.95531E-05  1.49280E-07  1.69812E-10
      40.920460  1.61220E-02  9.69509E-01  1.42981E-02  7.07904E-05  1.53505E-07  1.76550E-10
      41.020510  1.62347E-02  9.69269E-01  1.44241E-02  7.20505E-05  1.57849E-07  1.83551E-10
      41.120560  1.63485E-02  9.69026E-01  1.45515E-02  7.33337E-05  1.62315E-07  1.90825E-10
      41.220610  1.64635E-02  9.68782E-01  1.46801E-02  7.46406E-05  1.66906E-07  1.98382E-10
      41.320660  1.65797E-02  9.68534E-01  1.48101E-02  7.59715E-05  1.71626E-07  2.06233E-10
      41.420710  1.66972E-02  9.68284E-01  1.49415E-02  7.73269E-05  1.76478E-07  2.14389E-10
      41.520760  1.68158E-02  9.68031E-01  1.50741E-02  7.87072E-05  1.81466E-07  2.22863E-10
      41.620810  1.69356E-02  9.67776E-01  1.52081E-02  8.01128E-05  1.86593E-07  2.31664E-10
      41.720860  1.70567E-02  9.67518E-01  1.53434E-02  8.15442E-05  1.91864E-07  2.40807E-10
      41.820910  1.71789E-02  9.67258E-01  1.54801E-02  8.30018E-05  1.97282E-07  2.50304E-10
      41.920960  1.73024E-02  9.66995E-01  1.56182E-02  8.44861E-05  2.02851E-07  2.60167E-10
      42.021011  1.74272E-02  9.66729E-01  1.57577E-02  8.59975E-05  2.08575E-07  2.70411E-10
      42.121061  1.75532E-02  9.66460E-01  1.58986E-02  8.75367E-05  2.14459E-07  2.81050E-10
      42.221111  1.76804E-02  9.66189E-01  1.60409E-02  8.91039E-05  2.20506E-07  2.92100E-10
