# population in each left-qubit level over  time for $\ket{\Psi(t=0)} = \ket{01}$ (integrated over all cavity levels)
#        t [ns]            0            1            2            3            4            5
       0.000000  1.00000E+00  0.00000E+00  0.00000E+00  0.00000E+00  0.00000E+00  0.00000E+00
       0.200100  9.99986E-01  1.40670E-05  7.09983E-17  1.31132E-28  1.38378E-40  9.78115E-53
       0.400200  9.99945E-01  5.50575E-05  2.96667E-14  5.78766E-24  6.36340E-34  4.60984E-44
       0.600300  9.99881E-01  1.19447E-04  8.21227E-13  1.98638E-21  2.60533E-30  2.15005E-39
       0.800400  9.99798E-01  2.01708E-04  8.18554E-12  1.12173E-19  7.90993E-28  3.31251E-36
       1.000500  9.99705E-01  2.94799E-04  4.64808E-11  2.35178E-18  5.76645E-26  7.91943E-34
       1.200600  9.99609E-01  3.90796E-04  1.82761E-10  2.58585E-17  1.66722E-24  5.72132E-32
       1.400700  9.99518E-01  4.81610E-04  5.50268E-10  1.78348E-16  2.48738E-23  1.77609E-30
       1.600800  9.99440E-01  5.59728E-04  1.34406E-09  8.56234E-16  2.23621E-22  2.91519E-29
       1.800900  9.99381E-01  6.18914E-04  2.75850E-09  3.05308E-15  1.33586E-21  2.88229E-28
       2.001001  9.99345E-01  6.54796E-04  4.86178E-09  8.43136E-15  5.65410E-21  1.87262E-27
       2.201101  9.99335E-01  6.65291E-04  7.45513E-09  1.85283E-14  1.77210E-20  8.52937E-27
       2.401201  9.99349E-01  6.50802E-04  1.00139E-08  3.29576E-14  4.25857E-20  2.89543E-26
       2.601301  9.99386E-01  6.14186E-04  1.18071E-08  4.80127E-14  8.17168E-20  7.93245E-26
       2.801401  9.99440E-01  5.60473E-04  1.22128E-08  5.83036E-14  1.35137E-19  1.96196E-25
       3.001501  9.99504E-01  4.96368E-04  1.11117E-08  6.26180E-14  2.22510E-19  4.84312E-25
       3.201601  9.99570E-01  4.29582E-04  9.13388E-09  7.06733E-14  4.16523E-19  1.19244E-24
       3.401701  9.99632E-01  3.68059E-04  7.55140E-09  1.03570E-13  8.45204E-19  2.70570E-24
       3.601801  9.99681E-01  3.19173E-04  7.77637E-09  1.83045E-13  1.61673E-18  5.29992E-24
       3.801901  9.99711E-01  2.88980E-04  1.06750E-08  3.13846E-13  2.69090E-18  8.72313E-24
       4.002001  9.99718E-01  2.81603E-04  1.60711E-08  4.72418E-13  3.81219E-18  1.20193E-23
       4.202101  9.99701E-01  2.98798E-04  2.27635E-08  6.13883E-13  4.60919E-18  1.39687E-23
       4.402201  9.99660E-01  3.39776E-04  2.91086E-08  6.96309E-13  4.82122E-18  1.39083E-23
       4.602301  9.99599E-01  4.01264E-04  3.38802E-08  7.06927E-13  4.47748E-18  1.22057E-23
       4.802401  9.99522E-01  4.77830E-04  3.69278E-08  6.72801E-13  3.89490E-18  1.00162E-23
       5.002501  9.99438E-01  5.62445E-04  3.92612E-08  6.51097E-13  3.54934E-18  8.79087E-24
       5.202601  9.99353E-01  6.47217E-04  4.25366E-08  7.09040E-13  4.00397E-18  1.03964E-23
       5.402701  9.99276E-01  7.24247E-04  4.82768E-08  9.07379E-13  6.01618E-18  1.85084E-23
       5.602801  9.99213E-01  7.86510E-04  5.72850E-08  1.29231E-12  1.07546E-17  4.17003E-23
       5.802901  9.99171E-01  8.28684E-04  6.95182E-08  1.89142E-12  1.98841E-17  9.79782E-23
       6.003002  9.99152E-01  8.47840E-04  8.43214E-08  2.71058E-12  3.52551E-17  2.18028E-22
       6.203102  9.99156E-01  8.43928E-04  1.00672E-07  3.73450E-12  5.81707E-17  4.40720E-22
       6.403202  9.99180E-01  8.20020E-04  1.17152E-07  4.92524E-12  8.85232E-17  7.94410E-22
       6.603302  9.99218E-01  7.82320E-04  1.31752E-07  6.19462E-12  1.23811E-16  1.26281E-21
       6.803402  9.99260E-01  7.39995E-04  1.41982E-07  7.34228E-12  1.57264E-16  1.73571E-21
       7.003502  9.99295E-01  7.04887E-04  1.45886E-07  8.03311E-12  1.75738E-16  1.96004E-21
       7.203602  9.99309E-01  6.91190E-04  1.44209E-07  7.98498E-12  1.64550E-16  1.62720E-21
       7.403702  9.99285E-01  7.15131E-04  1.43441E-07  7.53995E-12  1.35143E-16  1.04384E-21
       7.603802  9.99205E-01  7.94673E-04  1.58960E-07  8.65966E-12  1.95103E-16  3.29192E-21
       7.803902  9.99051E-01  9.49239E-04  2.17328E-07  1.62090E-11  6.76499E-16  1.93394E-20
       8.004002  9.98800E-01  1.19939E-03  3.56960E-07  3.92961E-11  2.33454E-15  7.83894E-20
       8.204102  9.98433E-01  1.56643E-03  6.26813E-07  9.24531E-11  6.62851E-15  2.47110E-19
       8.404202  9.97927E-01  2.07180E-03  1.08341E-06  1.96510E-10  1.60955E-14  6.63127E-19
       8.604302  9.97262E-01  2.73632E-03  1.78712E-06  3.79116E-10  3.48179E-14  1.58957E-18
       8.804402  9.96418E-01  3.57910E-03  2.79923E-06  6.75047E-10  6.89768E-14  3.49778E-18
       9.004502  9.95380E-01  4.61628E-03  4.18115E-06  1.12674E-09  1.27499E-13  7.18491E-18
       9.204602  9.94135E-01  5.85940E-03  5.99619E-06  1.78561E-09  2.22855E-13  1.39341E-17
       9.404702  9.92678E-01  7.31354E-03  8.31190E-06  2.71396E-09  3.72026E-13  2.57220E-17
       9.604802  9.91014E-01  8.97530E-03  1.11979E-05  3.98496E-09  5.97207E-13  4.54375E-17
       9.804902  9.89155E-01  1.08306E-02  1.47121E-05  5.67435E-09  9.24602E-13  7.69249E-17
      10.005003  9.87128E-01  1.28529E-02  1.88712E-05  7.83588E-09  1.37831E-12  1.24396E-16
      10.205103  9.84975E-01  1.50017E-02  2.36082E-05  1.04592E-08  1.96724E-12  1.90688E-16
      10.405203  9.82749E-01  1.72227E-02  2.87356E-05  1.34262E-08  2.66857E-12  2.74566E-16
      10.605303  9.80517E-01  1.94495E-02  3.39378E-05  1.64961E-08  3.41913E-12  3.68682E-16
      10.805403  9.78355E-01  2.16065E-02  3.88137E-05  1.93473E-08  4.12567E-12  4.60335E-16
      11.005503  9.76344E-01  2.36131E-02  4.29664E-05  2.16665E-08  4.69371E-12  5.35505E-16
      11.205603  9.74565E-01  2.53892E-02  4.61137E-05  2.32511E-08  5.06132E-12  5.84201E-16
      11.405703  9.73092E-01  2.68599E-02  4.81737E-05  2.40780E-08  5.22151E-12  6.04357E-16
      11.605803  9.71989E-01  2.79618E-02  4.92817E-05  2.43079E-08  5.22354E-12  6.02458E-16
      11.805903  9.71304E-01  2.86465E-02  4.97155E-05  2.42134E-08  5.15100E-12  5.90537E-16
      12.006003  9.71066E-01  2.88839E-02  4.97542E-05  2.40577E-08  5.08471E-12  5.80623E-16
      12.206103  9.71287E-01  2.86638E-02  4.95407E-05  2.39759E-08  5.06654E-12  5.79107E-16
      12.406203  9.71955E-01  2.79963E-02  4.90212E-05  2.39194E-08  5.08203E-12  5.83990E-16
      12.606303  9.73040E-01  2.69120E-02  4.79883E-05  2.36893E-08  5.07111E-12  5.86572E-16
      12.806403  9.74494E-01  2.54596E-02  4.61942E-05  2.30393E-08  4.96037E-12  5.76387E-16
      13.006503  9.76254E-01  2.37021E-02  4.34717E-05  2.17924E-08  4.69834E-12  5.46302E-16
      13.206603  9.78249E-01  2.17117E-02  3.98148E-05  1.99155E-08  4.27650E-12  4.95317E-16
      13.406703  9.80401E-01  1.95641E-02  3.53959E-05  1.75288E-08  3.72923E-12  4.28313E-16
      13.606803  9.82636E-01  1.73337E-02  3.05222E-05  1.48559E-08  3.11696E-12  3.53511E-16
      13.806903  9.84885E-01  1.50894E-02  2.55546E-05  1.21498E-08  2.50415E-12  2.79359E-16
      14.007004  9.87088E-01  1.28913E-02  2.08250E-05  9.62928E-09  1.94334E-12  2.12493E-16
      14.207104  9.89194E-01  1.07895E-02  1.65789E-05  7.44416E-09  1.46834E-12  1.57011E-16
      14.407204  9.91163E-01  8.82412E-03  1.29529E-05  5.66406E-09  1.09288E-12  1.14363E-16
      14.607304  9.92963E-01  7.02700E-03  9.97779E-06  4.28497E-09  8.12682E-13  8.36361E-17
      14.807404  9.94569E-01  5.42345E-03  7.59869E-06  3.25016E-09  6.11317E-13  6.24179E-17
      15.007504  9.95960E-01  4.03396E-03  5.70443E-06  2.47815E-09  4.68183E-13  4.79699E-17
      15.207604  9.97120E-01  2.87560E-03  4.16544E-06  1.88555E-09  3.64179E-13  3.79780E-17
      15.407704  9.98034E-01  1.96330E-03  2.87507E-06  1.40088E-09  2.83357E-13  3.06397E-17
      15.607804  9.98687E-01  1.31105E-03  1.78750E-06  9.78773E-10  2.14147E-13  2.46152E-17
      15.807904  9.99066E-01  9.32869E-04  9.43265E-07  6.21237E-10  1.53945E-13  1.94410E-17
      16.008004  9.99156E-01  8.43272E-04  4.73324E-07  3.95101E-10  1.14853E-13  1.62234E-17
      16.208104  9.98942E-01  1.05736E-03  5.75521E-07  4.26027E-10  1.24266E-13  1.78529E-17
      16.408204  9.98408E-01  1.59056E-03  1.46347E-06  8.64232E-10  2.18300E-13  2.84837E-17
      16.608304  9.97538E-01  2.45823E-03  3.29996E-06  1.84105E-09  4.33717E-13  5.29944E-17
      16.808404  9.96319E-01  3.67501E-03  6.14152E-06  3.44194E-09  8.05140E-13  9.72560E-17
      17.008504  9.94736E-01  5.25374E-03  9.92898E-06  5.70436E-09  1.36684E-12  1.68949E-16
      17.208604  9.92782E-01  7.20340E-03  1.45509E-05  8.63687E-09  2.15355E-12  2.77813E-16
      17.408704  9.90453E-01  9.52651E-03  1.99775E-05  1.22805E-08  3.20773E-12  4.36001E-16
      17.608804  9.87758E-01  1.22158E-02  2.64182E-05  1.68637E-08  4.62699E-12  6.65045E-16
      17.808904  9.84715E-01  1.52503E-02  3.44166E-05  2.30404E-08  6.68200E-12  1.02020E-15
      18.009005  9.81364E-01  1.85916E-02  4.47794E-05  3.20200E-08  9.94538E-12  1.62860E-15
      18.209105  9.77762E-01  2.21797E-02  5.82860E-05  4.52918E-08  1.52461E-11  2.69950E-15
      18.409205  9.73992E-01  2.59328E-02  7.52427E-05  6.38491E-08  2.32931E-11  4.44810E-15
      18.609305  9.70155E-01  2.97500E-02  9.50915E-05  8.73091E-08  3.41205E-11  6.94470E-15
      18.809405  9.66364E-01  3.35191E-02  1.16323E-04  1.13612E-07  4.68097E-11  1.00107E-14
      19.009505  9.62738E-01  3.71249E-02  1.36816E-04  1.39591E-07  5.97365E-11  1.32514E-14
      19.209605  9.59388E-01  4.04570E-02  1.54484E-04  1.61970E-07  7.10674E-11  1.61667E-14
      19.409705  9.56417E-01  4.34153E-02  1.67947E-04  1.78237E-07  7.91860E-11  1.82578E-14
      19.609805  9.53909E-01  4.59143E-02  1.76903E-04  1.87340E-07  8.31534E-11  1.91775E-14
      19.809905  9.51932E-01  4.78854E-02  1.82008E-04  1.90103E-07  8.32412E-11  1.89500E-14
      20.010005  9.50537E-01  4.92783E-02  1.84308E-04  1.88714E-07  8.08715E-11  1.80100E-14
      20.210105  9.49755E-01  5.00599E-02  1.84530E-04  1.85114E-07  7.74832E-11  1.68344E-14
      20.410205  9.49603E-01  5.02145E-02  1.82674E-04  1.79571E-07  7.33738E-11  1.55415E-14
      20.610305  9.50076E-01  4.97454E-02  1.78121E-04  1.70858E-07  6.78291E-11  1.39430E-14
      20.810405  9.51152E-01  4.86774E-02  1.70156E-04  1.57831E-07  6.03585E-11  1.19530E-14
      21.010505  9.52783E-01  4.70581E-02  1.58548E-04  1.40767E-07  5.14546E-11  9.76269E-15
      21.210605  9.54900E-01  4.49558E-02  1.43841E-04  1.21248E-07  4.21659E-11  7.64812E-15
      21.410705  9.57420E-01  4.24530E-02  1.27244E-04  1.01189E-07  3.33952E-11  5.79004E-15
      21.610805  9.60249E-01  3.96404E-02  1.10247E-04  8.22058E-08  2.56710E-11  4.25186E-15
      21.810905  9.63297E-01  3.66088E-02  9.41792E-05  6.55377E-08  1.93044E-11  3.05064E-15
      22.011006  9.66476E-01  3.34440E-02  7.99034E-05  5.19432E-08  1.44432E-11  2.17980E-15
      22.211106  9.69711E-01  3.02211E-02  6.77192E-05  4.14770E-08  1.09517E-11  1.58344E-15
      22.411206  9.72940E-01  2.70021E-02  5.74713E-05  3.35333E-08  8.46078E-12  1.17471E-15
      22.611306  9.76116E-01  2.38353E-02  4.87716E-05  2.72838E-08  6.59034E-12  8.79255E-16
      22.811406  9.79202E-01  2.07572E-02  4.12160E-05  2.21348E-08  5.11120E-12  6.56157E-16
      23.011506  9.82169E-01  1.77967E-02  3.45112E-05  1.78392E-08  3.94472E-12  4.90395E-16
      23.211606  9.84994E-01  1.49776E-02  2.84967E-05  1.43091E-08  3.05856E-12  3.73170E-16
      23.411706  9.87655E-01  1.23218E-02  2.31031E-05  1.14261E-08  2.39481E-12  2.91703E-16
      23.611806  9.90131E-01  9.85043E-03  1.83020E-05  9.02389E-09  1.88004E-12  2.32674E-16
      23.811906  9.92399E-01  7.58652E-03  1.40744E-05  6.97773E-09  1.46075E-12  1.87114E-16
      24.012006  9.94433E-01  5.55618E-03  1.04049E-05  5.25025E-09  1.11892E-12  1.51673E-16
      24.212106  9.96203E-01  3.78983E-03  7.28896E-06  3.84504E-09  8.55701E-13  1.26321E-16
      24.412206  9.97673E-01  2.32218E-03  4.74366E-06  2.74657E-09  6.63859E-13  1.09779E-16
      24.612306  9.98806E-01  1.19168E-03  2.81258E-06  1.92698E-09  5.28014E-13  9.95974E-17
      24.812406  9.99559E-01  4.39543E-04  1.56002E-06  1.39490E-09  4.44206E-13  9.48927E-17
      25.012506  9.99891E-01  1.08296E-04  1.05989E-06  1.20689E-09  4.25788E-13  9.71834E-17
      25.212606  9.99759E-01  2.39579E-04  1.39237E-06  1.43825E-09  4.96634E-13  1.09918E-16
      25.412706  9.99126E-01  8.70843E-04  2.65957E-06  2.18732E-09  6.93611E-13  1.39311E-16
      25.612806  9.97964E-01  2.03117E-03  5.01713E-06  3.62550E-09  1.08133E-12  1.96588E-16
      25.812906  9.96255E-01  3.73665E-03  8.69995E-06  6.01150E-09  1.75389E-12  2.97941E-16
      26.013007  9.94000E-01  5.98567E-03  1.40101E-05  9.65146E-09  2.82246E-12  4.63308E-16
      26.213107  9.91224E-01  8.75467E-03  2.12420E-05  1.48885E-08  4.42510E-12  7.19217E-16
      26.413207  9.87974E-01  1.19953E-02  3.05499E-05  2.20876E-08  6.75474E-12  1.10888E-15
      26.613307  9.84324E-01  1.56339E-02  4.18095E-05  3.14255E-08  9.97713E-12  1.67961E-15
      26.813407  9.80370E-01  1.95750E-02  5.45658E-05  4.25496E-08  1.40127E-11  2.43008E-15
      27.013507  9.76225E-01  2.37065E-02  6.81357E-05  5.45766E-08  1.84847E-11  3.28960E-15
      27.213607  9.72012E-01  2.79061E-02  8.18423E-05  6.66387E-08  2.29862E-11  4.16862E-15
      27.413707  9.67858E-01  3.20469E-02  9.52457E-05  7.83939E-08  2.73596E-11  5.02414E-15
      27.613807  9.63890E-01  3.60018E-02  1.08208E-04  8.98769E-08  3.16202E-11  5.85031E-15
      27.813907  9.60232E-01  3.96476E-02  1.20715E-04  1.00986E-07  3.56427E-11  6.60114E-15
      28.014007  9.56998E-01  4.28689E-02  1.32531E-04  1.11276E-07  3.91595E-11  7.20817E-15
      28.214107  9.54294E-01  4.55627E-02  1.42910E-04  1.19963E-07  4.19139E-11  7.63811E-15
      28.414207  9.52206E-01  4.76433E-02  1.50584E-04  1.25741E-07  4.34628E-11  7.82303E-15
      28.614307  9.50798E-01  4.90482E-02  1.54125E-04  1.26823E-07  4.30587E-11  7.61304E-15
      28.814407  9.50103E-01  4.97440E-02  1.52553E-04  1.21913E-07  4.01769E-11  6.91079E-15
      29.014507  9.50123E-01  4.97309E-02  1.45885E-04  1.11472E-07  3.52183E-11  5.83869E-15
      29.214607  9.50821E-01  4.90435E-02  1.35293E-04  9.77720E-08  2.93935E-11  4.67594E-15
      29.414707  9.52130E-01  4.77473E-02  1.22762E-04  8.35765E-08  2.38685E-11  3.64472E-15
      29.614807  9.53959E-01  4.59304E-02  1.10398E-04  7.09015E-08  1.92546E-11  2.82717E-15
      29.814907  9.56206E-01  4.36939E-02  9.97500E-05  6.08247E-08  1.57606E-11  2.23158E-15
      30.015008  9.58767E-01  4.11411E-02  9.14255E-05  5.37486E-08  1.34439E-11  1.85272E-15
      30.215108  9.61546E-01  3.83690E-02  8.51032E-05  4.93517E-08  1.21566E-11  1.65404E-15
      30.415208  9.64459E-01  3.54616E-02  7.98607E-05  4.64954E-08  1.14246E-11  1.54262E-15
      30.615308  9.67439E-01  3.24861E-02  7.46287E-05  4.36786E-08  1.06616E-11  1.41783E-15
      30.815408  9.70439E-01  2.94928E-02  6.85884E-05  3.98593E-08  9.54259E-12  1.23823E-15
      31.015508  9.73421E-01  2.65177E-02  6.13910E-05  3.49106E-08  8.11477E-12  1.02416E-15
      31.215608  9.76361E-01  2.35861E-02  5.31747E-05  2.93694E-08  6.61694E-12  8.16315E-16
      31.415708  9.79239E-01  2.07167E-02  4.44332E-05  2.38532E-08  5.24409E-12  6.40199E-16
      31.615808  9.82039E-01  1.79253E-02  3.58212E-05  1.87155E-08  4.04878E-12  4.96570E-16
      31.815908  9.84744E-01  1.52281E-02  2.79666E-05  1.41217E-08  3.01078E-12  3.76568E-16
      32.016008  9.87334E-01  1.26450E-02  2.13244E-05  1.02719E-08  2.14827E-12  2.79127E-16
      32.216108  9.89782E-01  1.02016E-02  1.60903E-05  7.41572E-09  1.53163E-12  2.12632E-16
      32.416208  9.92056E-01  7.93144E-03  1.21806E-05  5.62065E-09  1.19669E-12  1.82109E-16
      32.616308  9.94116E-01  5.87511E-03  9.28976E-06  4.59873E-09  1.06628E-12  1.77589E-16
      32.816408  9.95913E-01  4.08002E-03  7.01435E-06  3.86401E-09  9.88829E-13  1.78331E-16
      33.016508  9.97397E-01  2.59833E-03  5.01645E-06  3.08520E-09  8.65137E-13  1.70936E-16
      33.216608  9.98513E-01  1.48414E-03  3.17377E-06  2.25528E-09  7.07699E-13  1.58076E-16
      33.416708  9.99209E-01  7.89781E-04  1.65884E-06  1.57548E-09  5.87746E-13  1.50372E-16
      33.616808  9.99438E-01  5.61333E-04  9.03167E-07  1.32945E-09  5.84664E-13  1.59231E-16
      33.816908  9.99164E-01  8.34153E-04  1.44115E-06  1.89061E-09  8.00156E-13  1.99128E-16
      34.017009  9.98368E-01  1.62847E-03  3.68136E-06  3.62237E-09  1.34161E-12  2.85690E-16
      34.217109  9.97047E-01  2.94535E-03  7.69571E-06  6.56853E-09  2.21231E-12  4.18014E-16
      34.417209  9.95223E-01  4.76358E-03  1.31251E-05  1.03211E-08  3.26916E-12  5.72775E-16
      34.617309  9.92943E-01  7.03809E-03  1.92665E-05  1.43229E-08  4.36249E-12  7.30358E-16
      34.817409  9.90274E-01  9.70078E-03  2.53390E-05  1.81780E-08  5.44831E-12  8.94728E-16
      35.017509  9.87306E-01  1.26635E-02  3.08400E-05  2.15756E-08  6.45928E-12  1.06078E-15
      35.217609  9.84141E-01  1.58232E-02  3.58374E-05  2.42851E-08  7.21551E-12  1.18535E-15
      35.417709  9.80891E-01  1.90676E-02  4.10301E-05  2.67150E-08  7.73955E-12  1.25288E-15
      35.617809  9.77670E-01  2.22822E-02  4.74923E-05  3.03185E-08  8.58892E-12  1.35843E-15
      35.817909  9.74588E-01  2.53561E-02  5.61502E-05  3.67969E-08  1.05621E-11  1.66527E-15
      36.018009  9.71746E-01  2.81866E-02  6.71940E-05  4.66290E-08  1.39385E-11  2.24379E-15
      36.218109  9.69237E-01  3.06833E-02  7.97083E-05  5.85266E-08  1.81715E-11  2.99106E-15
      36.418209  9.67137E-01  3.27710E-02  9.17541E-05  7.01427E-08  2.23243E-11  3.72995E-15
      36.618309  9.65506E-01  3.43933E-02  1.00948E-04  7.88957E-08  2.54265E-11  4.28001E-15
      36.818409  9.64379E-01  3.55155E-02  1.05329E-04  8.24592E-08  2.65311E-11  4.45333E-15
      37.018509  9.63768E-01  3.61276E-02  1.04126E-04  7.95830E-08  2.50784E-11  4.13975E-15
      37.218609  9.63657E-01  3.62450E-02  9.80777E-05  7.11177E-08  2.14591E-11  3.42909E-15
      37.418709  9.64003E-01  3.59076E-02  8.91485E-05  5.99483E-08  1.69841E-11  2.59304E-15
      37.618809  9.64745E-01  3.51755E-02  7.97999E-05  4.94567E-08  1.30616E-11  1.89812E-15
      37.818909  9.65805E-01  3.41231E-02  7.21462E-05  4.18927E-08  1.04460E-11  1.46033E-15
      38.019010  9.67101E-01  3.28314E-02  6.73436E-05  3.79347E-08  9.21312E-12  1.26871E-15
      38.219110  9.68555E-01  3.13793E-02  6.54011E-05  3.71598E-08  9.09211E-12  1.26033E-15
      38.419210  9.70098E-01  2.98364E-02  6.54041E-05  3.84879E-08  9.64832E-12  1.35166E-15
      38.619310  9.71676E-01  2.82583E-02  6.59803E-05  4.04071E-08  1.03260E-11  1.44523E-15
      38.819410  9.73250E-01  2.66843E-02  6.57927E-05  4.13644E-08  1.05956E-11  1.45995E-15
      39.019510  9.74797E-01  2.51395E-02  6.38944E-05  4.03535E-08  1.01935E-11  1.37092E-15
      39.219610  9.76304E-01  2.36365E-02  5.98901E-05  3.72553E-08  9.19637E-12  1.20690E-15
      39.419710  9.77766E-01  2.21796E-02  5.39339E-05  3.26533E-08  7.86951E-12  1.01472E-15
      39.619810  9.79186E-01  2.07673E-02  4.66322E-05  2.73388E-08  6.46944E-12  8.29626E-16
      39.819910  9.80565E-01  1.93957E-02  3.88962E-05  2.19494E-08  5.13769E-12  6.65868E-16
      40.020010  9.81907E-01  1.80613E-02  3.17568E-05  1.69816E-08  3.93141E-12  5.23233E-16
      40.220110  9.83211E-01  1.67631E-02  2.61442E-05  1.30097E-08  2.95178E-12  4.09026E-16
      40.420210  9.84474E-01  1.55030E-02  2.26525E-05  1.06909E-08  2.39408E-12  3.48478E-16
      40.620310  9.85692E-01  1.42867E-02  2.13502E-05  1.03567E-08  2.39949E-12  3.63252E-16
      40.820410  9.86854E-01  1.31243E-02  2.17137E-05  1.15568E-08  2.85284E-12  4.38693E-16
      41.020510  9.87947E-01  1.20303E-02  2.27469E-05  1.31713E-08  3.39359E-12  5.22203E-16
      41.220610  9.88953E-01  1.10233E-02  2.32878E-05  1.41132E-08  3.69285E-12  5.67334E-16
      41.420710  9.89853E-01  1.01250E-02  2.24266E-05  1.38826E-08  3.66971E-12  5.70026E-16
      41.620810  9.90622E-01  9.35779E-03  1.98855E-05  1.24622E-08  3.38047E-12  5.46007E-16
      41.820910  9.91241E-01  8.74244E-03  1.61891E-05  1.00437E-08  2.83548E-12  4.93154E-16
      42.021011  9.91691E-01  8.29624E-03  1.25110E-05  7.22406E-09  2.09959E-12  4.06600E-16
      42.221111  9.91959E-01  8.03125E-03  1.02137E-05  5.24069E-09  1.52235E-12  3.30864E-16
      42.421211  9.92037E-01  7.95233E-03  1.02510E-05  5.37147E-09  1.59183E-12  3.48558E-16
      42.621311  9.91932E-01  8.05554E-03  1.26974E-05  7.84071E-09  2.43278E-12  4.86912E-16
      42.821411  9.91656E-01  8.32767E-03  1.66436E-05  1.15624E-08  3.65364E-12  6.81888E-16
      43.021511  9.91232E-01  8.74739E-03  2.05513E-05  1.50201E-08  4.75496E-12  8.55263E-16
      43.221611  9.90690E-01  9.28739E-03  2.29469E-05  1.70946E-08  5.45166E-12  9.73848E-16
      43.421711  9.90060E-01  9.91731E-03  2.31441E-05  1.71621E-08  5.54777E-12  1.00891E-15
      43.621811  9.89371E-01  1.06070E-02  2.16391E-05  1.52456E-08  4.90225E-12  9.14734E-16
      43.821911  9.88650E-01  1.13301E-02  1.99476E-05  1.26055E-08  3.83937E-12  7.24915E-16
      44.022011  9.87913E-01  1.20667E-02  1.99230E-05  1.16206E-08  3.31008E-12  6.13974E-16
      44.222111  9.87172E-01  1.28050E-02  2.28598E-05  1.42958E-08  4.24392E-12  7.76924E-16
      44.422211  9.86431E-01  1.35400E-02  2.88119E-05  2.07713E-08  6.75182E-12  1.24816E-15
      44.622311  9.85692E-01  1.42712E-02  3.64744E-05  2.93070E-08  1.00974E-11  1.88345E-15
      44.822411  9.84956E-01  1.50002E-02  4.37053E-05  3.72768E-08  1.32043E-11  2.47084E-15
      45.022511  9.84223E-01  1.57288E-02  4.84460E-05  4.20886E-08  1.49816E-11  2.79071E-15
      45.222611  9.83491E-01  1.64594E-02  4.95966E-05  4.20597E-08  1.46572E-11  2.68238E-15
      45.422711  9.82757E-01  1.71958E-02  4.74375E-05  3.74078E-08  1.23378E-11  2.17780E-15
      45.622811  9.82013E-01  1.79438E-02  4.34409E-05  3.04516E-08  9.14906E-12  1.52555E-15
      45.822911  9.81248E-01  1.87125E-02  3.96212E-05  2.43381E-08  6.52691E-12  1.01877E-15
      46.023012  9.80449E-01  1.95137E-02  3.77610E-05  2.12718E-08  5.29910E-12  7.97864E-16
      46.223112  9.79600E-01  2.03615E-02  3.88382E-05  2.17755E-08  5.45519E-12  8.27407E-16
      46.423212  9.78688E-01  2.12689E-02  4.28326E-05  2.51738E-08  6.55277E-12  1.00267E-15
      46.623312  9.77706E-01  2.22450E-02  4.88965E-05  3.03091E-08  8.08780E-12  1.22303E-15
      46.823412  9.76651E-01  2.32932E-02  5.57445E-05  3.58714E-08  9.59880E-12  1.40914E-15
      47.023512  9.75527E-01  2.44114E-02  6.20725E-05  4.05816E-08  1.07122E-11  1.51352E-15
      47.223612  9.74340E-01  2.55932E-02  6.68735E-05  4.35239E-08  1.12425E-11  1.53120E-15
      47.423712  9.73101E-01  2.68290E-02  6.96069E-05  4.44589E-08  1.12457E-11  1.49287E-15
      47.623812  9.71824E-01  2.81060E-02  7.02562E-05  4.38174E-08  1.09449E-11  1.43993E-15
      47.823912  9.70522E-01  2.94087E-02  6.93255E-05  4.23629E-08  1.05875E-11  1.40529E-15
      48.024012  9.69214E-01  3.07180E-02  6.77847E-05  4.08202E-08  1.03316E-11  1.40390E-15
      48.224112  9.67923E-01  3.20104E-02  6.69296E-05  3.98280E-08  1.02412E-11  1.43281E-15
      48.424212  9.66676E-01  3.32563E-02  6.81086E-05  4.02582E-08  1.04609E-11  1.49777E-15
      48.624312  9.65509E-01  3.44185E-02  7.23283E-05  4.33916E-08  1.14214E-11  1.66008E-15
      48.824412  9.64468E-01  3.54519E-02  7.98314E-05  5.03120E-08  1.36735E-11  2.02379E-15
      49.024512  9.63604E-01  3.63057E-02  8.98136E-05  6.07184E-08  1.73069E-11  2.63023E-15
      49.224612  9.62973E-01  3.69261E-02  1.00443E-04  7.24146E-08  2.15813E-11  3.37178E-15
      49.424712  9.62630E-01  3.72604E-02  1.09265E-04  8.23608E-08  2.53459E-11  4.05294E-15
      49.624812  9.62625E-01  3.72610E-02  1.13942E-04  8.83429E-08  2.78652E-11  4.55562E-15
      49.824912  9.62998E-01  3.68884E-02  1.13090E-04  8.94943E-08  2.90014E-11  4.88225E-15
      50.025013  9.63778E-01  3.61155E-02  1.06896E-04  8.56408E-08  2.86084E-11  5.00327E-15
      50.225113  9.64972E-01  3.49305E-02  9.71854E-05  7.72732E-08  2.63524E-11  4.78129E-15
      50.425213  9.66573E-01  3.33398E-02  8.68016E-05  6.66761E-08  2.26173E-11  4.18401E-15
      50.625313  9.68552E-01  3.13691E-02  7.85070E-05  5.80439E-08  1.92081E-11  3.54486E-15
      50.825413  9.70863E-01  2.90628E-02  7.38373E-05  5.49825E-08  1.82363E-11  3.38096E-15
      51.025513  9.73445E-01  2.64828E-02  7.24480E-05  5.75632E-08  2.00702E-11  3.84681E-15
      51.225613  9.76222E-01  2.37060E-02  7.22900E-05  6.23394E-08  2.30310E-11  4.57786E-15
      51.425713  9.79108E-01  2.08209E-02  7.05821E-05  6.51312E-08  2.51135E-11  5.12303E-15
      51.625813  9.82010E-01  1.79247E-02  6.51512E-05  6.32845E-08  2.52608E-11  5.28104E-15
      51.825913  9.84825E-01  1.51198E-02  5.55020E-05  5.59672E-08  2.31129E-11  4.98518E-15
      52.026013  9.87447E-01  1.25100E-02  4.30923E-05  4.40953E-08  1.87302E-11  4.18491E-15
      52.226113  9.89772E-01  1.01978E-02  3.06767E-05  3.06240E-08  1.31362E-11  3.03523E-15
      52.426213  9.91699E-01  8.28017E-03  2.10608E-05  1.96548E-08  8.28706E-12  1.97107E-15
      52.626313  9.93140E-01  6.84386E-03  1.58952E-05  1.40133E-08  5.72588E-12  1.38022E-15
      52.826413  9.94026E-01  5.95884E-03  1.51015E-05  1.36188E-08  5.48521E-12  1.29196E-15
      53.026513  9.94311E-01  5.67188E-03  1.71729E-05  1.62024E-08  6.47636E-12  1.46260E-15
      53.226613  9.93978E-01  6.00229E-03  2.01263E-05  1.91024E-08  7.50275E-12  1.63288E-15
      53.426713  9.93036E-01  6.94118E-03  2.25645E-05  2.05128E-08  7.77800E-12  1.63820E-15
      53.626813  9.91522E-01  8.45414E-03  2.43127E-05  2.01345E-08  7.16063E-12  1.45201E-15
      53.826913  9.89487E-01  1.04864E-02  2.63702E-05  1.93969E-08  6.32312E-12  1.22657E-15
      54.027014  9.87000E-01  1.29695E-02  3.02935E-05  2.07172E-08  6.37505E-12  1.19284E-15
      54.227114  9.84134E-01  1.58285E-02  3.73842E-05  2.58984E-08  8.01563E-12  1.46697E-15
      54.427214  9.80965E-01  1.89869E-02  4.80700E-05  3.49864E-08  1.10456E-11  1.97009E-15
      54.627314  9.77568E-01  2.23702E-02  6.17048E-05  4.64961E-08  1.46612E-11  2.52236E-15
      54.827414  9.74015E-01  2.59078E-02  7.67877E-05  5.84153E-08  1.80338E-11  2.96821E-15
      55.027514  9.70373E-01  2.95353E-02  9.14462E-05  6.89566E-08  2.06176E-11  3.23122E-15
      55.227614  9.66699E-01  3.31965E-02  1.03973E-04  7.68280E-08  2.21899E-11  3.31801E-15
      55.427714  9.63042E-01  3.68444E-02  1.13250E-04  8.13695E-08  2.27926E-11  3.28860E-15
      55.627814  9.59439E-01  4.04419E-02  1.18995E-04  8.27331E-08  2.26536E-11  3.20817E-15
      55.827914  9.55918E-01  4.39600E-02  1.21825E-04  8.19558E-08  2.21457E-11  3.12870E-15
      56.028014  9.52501E-01  4.73758E-02  1.23200E-04  8.07342E-08  2.17555E-11  3.10317E-15
      56.228114  9.49206E-01  5.06685E-02  1.25232E-04  8.09811E-08  2.20019E-11  3.19592E-15
      56.428214  9.46055E-01  5.38143E-02  1.30335E-04  8.45670E-08  2.33784E-11  3.47592E-15
      56.628314  9.43077E-01  5.67819E-02  1.40694E-04  9.35231E-08  2.65017E-11  4.03437E-15
      56.828414  9.40313E-01  5.95289E-02  1.57617E-04  1.10202E-07  3.24122E-11  5.06379E-15
      57.028514  9.37819E-01  6.20001E-02  1.80916E-04  1.36391E-07  4.24117E-11  6.88008E-15
      57.228614  9.35663E-01  6.41285E-02  2.08552E-04  1.71321E-07  5.69690E-11  9.71276E-15
      57.428714  9.33925E-01  6.58381E-02  2.36762E-04  2.10339E-07  7.45705E-11  1.33916E-14
      57.628814  9.32691E-01  6.70483E-02  2.60795E-04  2.46170E-07  9.20101E-11  1.73169E-14
      57.828914  9.32044E-01  6.76792E-02  2.76184E-04  2.72195E-07  1.06152E-10  2.08272E-14
      58.029015  9.32060E-01  6.76591E-02  2.80198E-04  2.84769E-07  1.15295E-10  2.35533E-14
      58.229115  9.32796E-01  6.69305E-02  2.72928E-04  2.83047E-07  1.18647E-10  2.52634E-14
      58.429215  9.34286E-01  6.54563E-02  2.57468E-04  2.68461E-07  1.15478E-10  2.55126E-14
      58.629315  9.36536E-01  6.32252E-02  2.38964E-04  2.46119E-07  1.06660E-10  2.40786E-14
      58.829415  9.39520E-01  6.02566E-02  2.22776E-04  2.25737E-07  9.71983E-11  2.20413E-14
      59.029515  9.43184E-01  5.66033E-02  2.12405E-04  2.17642E-07  9.47261E-11  2.17538E-14
      59.229615  9.47440E-01  5.23516E-02  2.08051E-04  2.25157E-07  1.03006E-10  2.47268E-14
      59.429715  9.52176E-01  4.76170E-02  2.06492E-04  2.41012E-07  1.17417E-10  2.96761E-14
      59.629815  9.57258E-01  4.25389E-02  2.02482E-04  2.52197E-07  1.28569E-10  3.35776E-14
      59.829915  9.62536E-01  3.72728E-02  1.91100E-04  2.48318E-07  1.29638E-10  3.43474E-14
      60.030015  9.67846E-01  3.19836E-02  1.70017E-04  2.25890E-07  1.19183E-10  3.17528E-14
      60.230115  9.73021E-01  2.68387E-02  1.40607E-04  1.87602E-07  9.92035E-11  2.64836E-14
      60.430215  9.77891E-01  2.20019E-02  1.07418E-04  1.40570E-07  7.35983E-11  1.95776E-14
      60.630315  9.82295E-01  1.76291E-02  7.62739E-05  9.46672E-08  4.80452E-11  1.25978E-14
      60.830415  9.86085E-01  1.38633E-02  5.19483E-05  5.89947E-08  2.82318E-11  7.20423E-15
      61.030515  9.89135E-01  1.08282E-02  3.65127E-05  3.76055E-08  1.66989E-11  4.12726E-15
      61.230615  9.91350E-01  8.62075E-03  2.90594E-05  2.84545E-08  1.20249E-11  2.91361E-15
      61.430715  9.92669E-01  7.30421E-03  2.67844E-05  2.64145E-08  1.11014E-11  2.67320E-15
      61.630815  9.93070E-01  6.90369E-03  2.67428E-05  2.69625E-08  1.15349E-11  2.79018E-15
      61.830915  9.92567E-01  7.40594E-03  2.73513E-05  2.78714E-08  1.22532E-11  3.01531E-15
      62.031016  9.91208E-01  8.76310E-03  2.89596E-05  2.93205E-08  1.31999E-11  3.30888E-15
      62.231116  9.89067E-01  1.08996E-02  3.33595E-05  3.33879E-08  1.50973E-11  3.77607E-15
      62.431216  9.86237E-01  1.37203E-02  4.26099E-05  4.27654E-08  1.89758E-11  4.58563E-15
      62.631316  9.82824E-01  1.71183E-02  5.78023E-05  5.88284E-08  2.53259E-11  5.81027E-15
      62.831416  9.78941E-01  2.09804E-02  7.83072E-05  8.03321E-08  3.34841E-11  7.29896E-15
      63.031516  9.74706E-01  2.51923E-02  1.01754E-04  1.03711E-07  4.18024E-11  8.70265E-15
      63.231616  9.70233E-01  2.96420E-02  1.24683E-04  1.24532E-07  4.84400E-11  9.65869E-15
      63.431716  9.65633E-01  3.42235E-02  1.43581E-04  1.38993E-07  5.21251E-11  9.98606E-15
      63.631816  9.61003E-01  3.88406E-02  1.55946E-04  1.44891E-07  5.24532E-11  9.72357E-15
      63.831916  9.56429E-01  4.34095E-02  1.61087E-04  1.42210E-07  4.97946E-11  9.02157E-15
      64.032016  9.51977E-01  4.78619E-02  1.60464E-04  1.33367E-07  4.51630E-11  8.05840E-15
      64.232116  9.47698E-01  5.21449E-02  1.57491E-04  1.22851E-07  4.01673E-11  7.07170E-15
      64.432216  9.43624E-01  5.62190E-02  1.56836E-04  1.16236E-07  3.68387E-11  6.39999E-15
      64.632316  9.39781E-01  6.00552E-02  1.63325E-04  1.19189E-07  3.73844E-11  6.46013E-15
      64.832416  9.36189E-01  6.36306E-02  1.80684E-04  1.36954E-07  4.41688E-11  7.74658E-15
      65.032516  9.32865E-01  6.69240E-02  2.10394E-04  1.73645E-07  5.96995E-11  1.08736E-14
      65.232616  9.29837E-01  6.99120E-02  2.50946E-04  2.30282E-07  8.57516E-11  1.64527E-14
      65.432716  9.27136E-01  7.25661E-02  2.97773E-04  3.02109E-07  1.21354E-10  2.45785E-14
      65.632816  9.24805E-01  7.48506E-02  3.44002E-04  3.77894E-07  1.61376E-10  3.42777E-14
      65.832916  9.22895E-01  7.67224E-02  3.81995E-04  4.43264E-07  1.97977E-10  4.36990E-14
      66.033017  9.21461E-01  7.81331E-02  4.05335E-04  4.86328E-07  2.24253E-10  5.10460E-14
      66.233117  9.20559E-01  7.90297E-02  4.10719E-04  5.01310E-07  2.36669E-10  5.53080E-14
      66.433217  9.20243E-01  7.93579E-02  3.99098E-04  4.88525E-07  2.34556E-10  5.61013E-14
      66.633317  9.20558E-01  7.90655E-02  3.75617E-04  4.53568E-07  2.19150E-10  5.32878E-14
      66.833417  9.21543E-01  7.81082E-02  3.48202E-04  4.08135E-07  1.95372E-10  4.76613E-14
      67.033517  9.23218E-01  7.64561E-02  3.25109E-04  3.69499E-07  1.73930E-10  4.21526E-14
      67.233617  9.25587E-01  7.41000E-02  3.12180E-04  3.54109E-07  1.67492E-10  4.09517E-14
      67.433717  9.28633E-01  7.10558E-02  3.10788E-04  3.67601E-07  1.81377E-10  4.61130E-14
      67.633817  9.32314E-01  6.73678E-02  3.17317E-04  4.00233E-07  2.08264E-10  5.52692E-14
      67.833917  9.36567E-01  6.31081E-02  3.24486E-04  4.32941E-07  2.33632E-10  6.35374E-14
      68.034017  9.41300E-01  5.83752E-02  3.24074E-04  4.48321E-07  2.45997E-10  6.74187E-14
      68.234117  9.46400E-01  5.32891E-02  3.10032E-04  4.36984E-07  2.41101E-10  6.61073E-14
      68.434217  9.51733E-01  4.79859E-02  2.80751E-04  3.97456E-07  2.19270E-10  6.00441E-14
      68.634317  9.57147E-01  4.26131E-02  2.39611E-04  3.34881E-07  1.83350E-10  5.00106E-14
      68.834417  9.62480E-01  3.73257E-02  1.93601E-04  2.60848E-07  1.39815E-10  3.77289E-14
      69.034517  9.67568E-01  3.22810E-02  1.50650E-04  1.90825E-07  9.84309E-11  2.60559E-14
      69.234617  9.72251E-01  2.76324E-02  1.16841E-04  1.37686E-07  6.77141E-11  1.75386E-14
      69.434717  9.76383E-01  2.35224E-02  9.46502E-05  1.06076E-07  5.03733E-11  1.28791E-14
      69.634817  9.79844E-01  2.00735E-02  8.28162E-05  9.24440E-08  4.35845E-11  1.11082E-14
      69.834917  9.82540E-01  1.73821E-02  7.76889E-05  8.95665E-08  4.27513E-11  1.08817E-14
      70.035018  9.84412E-01  1.55126E-02  7.53047E-05  9.08956E-08  4.43792E-11  1.13335E-14
      70.235118  9.85430E-01  1.44971E-02  7.32367E-05  9.25041E-08  4.65440E-11  1.20464E-14
      70.435218  9.85592E-01  1.43365E-02  7.14822E-05  9.36446E-08  4.86148E-11  1.28336E-14
      70.635318  9.84922E-01  1.50055E-02  7.21309E-05  9.67094E-08  5.13809E-11  1.37947E-14
      70.835418  9.83464E-01  1.64582E-02  7.80766E-05  1.05912E-07  5.67708E-11  1.53374E-14
      71.035518  9.81276E-01  1.86324E-02  9.13773E-05  1.24532E-07  6.64714E-11  1.78607E-14
      71.235618  9.78434E-01  2.14537E-02  1.11954E-04  1.52238E-07  8.02042E-11  2.12521E-14
      71.435718  9.75024E-01  2.48382E-02  1.37154E-04  1.84244E-07  9.50982E-11  2.46833E-14
      71.635818  9.71143E-01  2.86949E-02  1.62368E-04  2.12737E-07  1.06787E-10  2.69998E-14
      71.835918  9.66889E-01  3.29282E-02  1.82533E-04  2.29843E-07  1.11436E-10  2.73592E-14
      72.036018  9.62365E-01  3.74408E-02  1.93976E-04  2.30983E-07  1.07474E-10  2.56057E-14
      72.236118  9.57667E-01  4.21370E-02  1.95961E-04  2.17159E-07  9.62786E-11  2.22469E-14
      72.436218  9.52883E-01  4.69254E-02  1.91303E-04  1.94857E-07  8.16219E-11  1.82263E-14
      72.636318  9.48094E-01  5.17205E-02  1.85780E-04  1.73731E-07  6.83641E-11  1.46610E-14
      72.836418  9.43369E-01  5.64449E-02  1.86463E-04  1.63894E-07  6.12248E-11  1.26102E-14
      73.036518  9.38771E-01  6.10290E-02  1.99468E-04  1.74133E-07  6.43303E-11  1.29959E-14
      73.236618  9.34361E-01  6.54107E-02  2.27831E-04  2.10198E-07  8.08333E-11  1.65709E-14
      73.436718  9.30198E-01  6.95319E-02  2.70214E-04  2.71816E-07  1.11215E-10  2.35328E-14
      73.636818  9.26342E-01  7.33369E-02  3.20936E-04  3.49921E-07  1.50964E-10  3.28552E-14
      73.836918  9.22857E-01  7.67709E-02  3.71378E-04  4.27939E-07  1.90713E-10  4.21976E-14
      74.037019  9.19809E-01  7.97785E-02  4.12333E-04  4.88302E-07  2.20447E-10  4.90121E-14
      74.237119  9.17260E-01  8.23028E-02  4.36549E-04  5.19674E-07  2.34484E-10  5.19698E-14
      74.437219  9.15274E-01  8.42849E-02  4.40690E-04  5.19488E-07  2.32620E-10  5.12262E-14
      74.637319  9.13908E-01  8.56654E-02  4.26187E-04  4.91786E-07  2.17642E-10  4.75827E-14
      74.837419  9.13212E-01  8.63884E-02  3.98760E-04  4.44843E-07  1.93337E-10  4.18493E-14
      75.037519  9.13226E-01  8.64072E-02  3.66723E-04  3.90744E-07  1.65161E-10  3.51506E-14
      75.237619  9.13972E-01  8.56892E-02  3.38567E-04  3.44206E-07  1.40913E-10  2.93564E-14
      75.437719  9.15458E-01  8.42209E-02  3.20563E-04  3.17866E-07  1.28015E-10  2.63854E-14
      75.637819  9.17672E-01  8.20128E-02  3.15123E-04  3.16307E-07  1.29041E-10  2.68873E-14
      75.837919  9.20577E-01  7.91021E-02  3.20386E-04  3.34311E-07  1.40450E-10  2.98776E-14
      76.038019  9.24114E-01  7.55543E-02  3.31066E-04  3.61161E-07  1.55971E-10  3.37510E-14
      76.238119  9.28199E-01  7.14604E-02  3.40252E-04  3.86532E-07  1.70815E-10  3.74940E-14
      76.438219  9.32726E-01  6.69321E-02  3.41621E-04  4.02819E-07  1.82393E-10  4.07723E-14
      76.638319  9.37572E-01  6.20964E-02  3.31388E-04  4.04338E-07  1.88248E-10  4.31325E-14
      76.838419  9.42600E-01  5.70901E-02  3.09378E-04  3.87650E-07  1.85471E-10  4.36900E-14
      77.038519  9.47666E-01  5.20552E-02  2.78845E-04  3.54190E-07  1.73085E-10  4.18467E-14
      77.238619  9.52622E-01  4.71329E-02  2.45173E-04  3.11560E-07  1.54274E-10  3.81424E-14
      77.438719  9.57327E-01  4.24590E-02  2.13969E-04  2.70403E-07  1.35125E-10  3.41027E-14
      77.638819  9.61652E-01  3.81588E-02  1.89267E-04  2.38854E-07  1.20649E-10  3.10859E-14
      77.838919  9.65484E-01  3.43429E-02  1.72454E-04  2.19216E-07  1.12080E-10  2.93876E-14
      78.039020  9.68733E-01  3.11041E-02  1.62259E-04  2.08778E-07  1.07631E-10  2.84717E-14
      78.239120  9.71329E-01  2.85149E-02  1.55734E-04  2.02745E-07  1.04787E-10  2.77156E-14
      78.439220  9.73224E-01  2.66263E-02  1.49838E-04  1.96731E-07  1.01697E-10  2.67998E-14
      78.639320  9.74388E-01  2.54688E-02  1.42967E-04  1.88382E-07  9.74998E-11  2.56583E-14
      78.839420  9.74810E-01  2.50535E-02  1.35834E-04  1.78655E-07  9.26980E-11  2.44616E-14
      79.039520  9.74493E-01  2.53752E-02  1.31280E-04  1.72112E-07  8.96411E-11  2.38022E-14
      79.239620  9.73452E-01  2.64146E-02  1.33061E-04  1.75118E-07  9.18426E-11  2.46019E-14
      79.439720  9.71716E-01  2.81402E-02  1.44034E-04  1.92293E-07  1.01802E-10  2.74945E-14
      79.639820  9.69326E-01  3.05096E-02  1.64509E-04  2.23214E-07  1.18732E-10  3.20992E-14
      79.839920  9.66339E-01  3.34691E-02  1.91516E-04  2.61281E-07  1.37954E-10  3.68855E-14
      80.040020  9.62826E-01  3.69545E-02  2.19422E-04  2.95489E-07  1.52640E-10  3.98899E-14
      80.240120  9.58868E-01  4.08903E-02  2.41790E-04  3.14794E-07  1.56989E-10  3.97432E-14
      80.440220  9.54556E-01  4.51896E-02  2.53764E-04  3.13253E-07  1.49125E-10  3.63343E-14
      80.640320  9.49992E-01  4.97532E-02  2.54040E-04  2.92841E-07  1.31927E-10  3.07831E-14
      80.840420  9.45283E-01  5.44714E-02  2.45579E-04  2.62067E-07  1.11252E-10  2.48030E-14
      81.040520  9.40538E-01  5.92273E-02  2.34727E-04  2.31911E-07  9.30280E-11  1.98936E-14
      81.240620  9.35870E-01  6.39005E-02  2.28973E-04  2.12371E-07  8.15000E-11  1.69073E-14
      81.440720  9.31395E-01  6.83710E-02  2.34182E-04  2.10694E-07  7.92115E-11  1.61712E-14
      81.640820  9.27225E-01  7.25228E-02  2.52370E-04  2.29527E-07  8.67948E-11  1.76117E-14
      81.840920  9.23470E-01  7.62484E-02  2.80933E-04  2.64516E-07  1.01665E-10  2.05156E-14
      82.041021  9.20233E-01  7.94532E-02  3.13559E-04  3.04459E-07  1.17900E-10  2.35019E-14
      82.241121  9.17600E-01  8.20576E-02  3.42394E-04  3.36209E-07  1.29101E-10  2.52064E-14
      82.441221  9.15641E-01  8.39978E-02  3.60543E-04  3.51065E-07  1.32029E-10  2.51168E-14
      82.641321  9.14410E-01  8.52258E-02  3.64089E-04  3.47306E-07  1.27364E-10  2.36259E-14
      82.841421  9.13935E-01  8.57112E-02  3.53032E-04  3.27987E-07  1.17459E-10  2.13600E-14
      83.041521  9.14226E-01  8.54432E-02  3.30974E-04  2.97901E-07  1.04280E-10  1.86753E-14
      83.241621  9.15264E-01  8.44320E-02  3.03754E-04  2.62775E-07  8.95118E-11  1.57764E-14
      83.441721  9.17012E-01  8.27099E-02  2.77591E-04  2.29568E-07  7.55995E-11  1.30530E-14
      83.641821  9.19411E-01  8.03309E-02  2.57383E-04  2.05218E-07  6.55140E-11  1.10755E-14
      83.841921  9.22383E-01  7.73708E-02  2.45654E-04  1.93792E-07  6.11241E-11  1.02191E-14
      84.042021  9.25833E-01  7.39249E-02  2.42291E-04  1.94784E-07  6.21290E-11  1.04172E-14
      84.242121  9.29650E-01  7.01052E-02  2.44988E-04  2.04379E-07  6.67836E-11  1.13262E-14
      84.442221  9.33715E-01  6.60346E-02  2.50162E-04  2.18210E-07  7.34553E-11  1.26682E-14
