# population in each right-qubit level over  time for $\ket{\Psi(t=0)} = \ket{00}$ (integrated over all cavity levels)
#        t [ns]            0            1            2            3            4            5
       0.000000  1.00000E+00  0.00000E+00  0.00000E+00  0.00000E+00  0.00000E+00  0.00000E+00
       0.200100  1.00000E+00  2.73416E-12  3.74671E-24  3.38861E-36  2.24754E-48  1.15181E-60
       0.400200  1.00000E+00  2.95086E-10  4.38221E-20  4.29848E-30  3.08391E-40  1.69929E-50
       0.600300  1.00000E+00  3.84648E-09  7.52711E-18  9.70740E-27  9.01950E-36  6.26547E-45
       0.800400  1.00000E+00  2.34322E-08  2.83468E-16  2.24906E-24  1.25547E-32  5.03702E-41
       1.000500  1.00000E+00  9.50294E-08  4.74587E-15  1.54293E-22  3.42098E-30  5.19298E-38
       1.200600  1.00000E+00  2.97958E-07  4.76156E-14  4.90269E-21  3.31372E-28  1.45108E-35
       1.400700  9.99999E-01  7.80537E-07  3.34210E-13  9.09553E-20  1.55351E-26  1.61973E-33
       1.600800  9.99998E-01  1.78772E-06  1.79658E-12  1.12775E-18  4.21951E-25  9.05958E-32
       1.800900  9.99996E-01  3.68487E-06  7.83456E-12  1.01797E-17  7.43903E-24  2.93115E-30
       2.001001  9.99993E-01  6.97061E-06  2.88166E-11  7.08578E-17  9.18700E-23  6.04112E-29
       2.201101  9.99988E-01  1.22723E-05  9.19141E-11  3.96089E-16  8.38494E-22  8.48888E-28
       2.401201  9.99980E-01  2.03207E-05  2.59539E-10  1.83179E-15  5.88181E-21  8.54813E-27
       2.601301  9.99968E-01  3.19039E-05  6.59220E-10  7.16821E-15  3.26650E-20  6.40660E-26
       2.801401  9.99952E-01  4.78078E-05  1.52538E-09  2.41535E-14  1.46981E-19  3.68171E-25
       3.001501  9.99931E-01  6.87507E-05  3.24907E-09  7.10490E-14  5.45914E-19  1.66203E-24
       3.201601  9.99905E-01  9.53266E-05  6.42597E-09  1.84465E-13  1.69952E-18  6.01423E-24
       3.401701  9.99872E-01  1.27966E-04  1.18880E-08  4.26433E-13  4.49243E-18  1.77504E-23
       3.601801  9.99833E-01  1.66925E-04  2.07020E-08  8.83864E-13  1.01951E-17  4.33819E-23
       3.801901  9.99788E-01  2.12317E-04  3.41225E-08  1.65150E-12  2.00548E-17  8.89964E-23
       4.002001  9.99736E-01  2.64181E-04  5.34943E-08  2.79373E-12  3.44890E-17  1.55219E-22
       4.202101  9.99677E-01  3.22593E-04  8.01169E-08  4.29408E-12  5.22873E-17  2.33210E-22
       4.402201  9.99612E-01  3.87809E-04  1.15097E-07  6.02054E-12  7.05445E-17  3.06546E-22
       4.602301  9.99539E-01  4.60429E-04  1.59235E-07  7.74859E-12  8.58182E-17  3.59928E-22
       4.802401  9.99458E-01  5.41562E-04  2.13004E-07  9.27728E-12  9.62234E-17  3.89453E-22
       5.002501  9.99367E-01  6.32958E-04  2.76698E-07  1.06391E-11  1.03671E-16  4.08976E-22
       5.202601  9.99263E-01  7.37046E-04  3.50842E-07  1.23513E-11  1.16401E-16  4.59088E-22
       5.402701  9.99143E-01  8.56837E-04  4.36952E-07  1.56146E-11  1.54722E-16  6.53123E-22
       5.602801  9.99004E-01  9.95623E-04  5.38760E-07  2.23794E-11  2.65389E-16  1.35076E-21
       5.802901  9.98843E-01  1.15645E-03  6.63993E-07  3.53012E-11  5.48474E-16  3.64559E-21
       6.003002  9.98658E-01  1.34134E-03  8.26736E-07  5.78095E-11  1.19530E-15  1.04412E-20
       6.203102  9.98448E-01  1.55046E-03  1.05026E-06  9.47873E-11  2.54140E-15  2.84328E-20
       6.403202  9.98217E-01  1.78122E-03  1.36997E-06  1.54643E-10  5.18427E-15  7.19061E-20
       6.603302  9.97970E-01  2.02771E-03  1.83606E-06  2.53775E-10  1.03338E-14  1.72848E-19
       6.803402  9.97717E-01  2.28053E-03  2.51508E-06  4.24467E-10  2.07595E-14  4.13144E-19
       7.003502  9.97469E-01  2.52718E-03  3.49019E-06  7.27156E-10  4.29445E-14  1.01893E-18
       7.203602  9.97242E-01  2.75298E-03  4.85968E-06  1.26776E-09  9.13264E-14  2.59971E-18
       7.403702  9.97051E-01  2.94243E-03  6.73395E-06  2.22061E-09  1.95837E-13  6.68583E-18
       7.603802  9.96910E-01  3.08087E-03  9.23127E-06  3.85725E-09  4.14459E-13  1.68447E-17
       7.803902  9.96831E-01  3.15624E-03  1.24726E-05  6.58088E-09  8.53268E-13  4.08883E-17
       8.004002  9.96823E-01  3.16061E-03  1.65752E-05  1.09647E-08  1.69727E-12  9.50867E-17
       8.204102  9.96887E-01  3.09147E-03  2.16452E-05  1.77895E-08  3.25587E-12  2.11935E-16
       8.404202  9.97020E-01  2.95270E-03  2.77676E-05  2.80731E-08  6.02649E-12  4.53885E-16
       8.604302  9.97210E-01  2.75513E-03  3.49949E-05  4.30814E-08  1.07776E-11  9.36434E-16
       8.804402  9.97440E-01  2.51675E-03  4.33350E-05  6.43132E-08  1.86478E-11  1.86453E-15
       9.004502  9.97685E-01  2.26261E-03  5.27434E-05  9.34561E-08  3.12500E-11  3.58535E-15
       9.204602  9.97912E-01  2.02441E-03  6.31236E-05  1.32318E-07  5.07573E-11  6.65622E-15
       9.404702  9.98086E-01  1.83949E-03  7.43479E-05  1.82751E-07  7.99361E-11  1.19167E-14
       9.604802  9.98164E-01  1.74941E-03  8.63047E-05  2.46588E-07  1.22081E-10  2.05377E-14
       9.804902  9.98103E-01  1.79779E-03  9.89846E-05  3.25616E-07  1.80795E-10  3.39994E-14
      10.005003  9.97859E-01  2.02766E-03  1.12607E-04  4.21610E-07  2.59601E-10  5.39453E-14
      10.205103  9.97393E-01  2.47860E-03  1.27783E-04  5.36504E-07  3.61454E-10  8.19041E-14
      10.405203  9.96669E-01  3.18417E-03  1.45694E-04  6.72733E-07  4.88426E-10  1.18982E-13
      10.605303  9.95661E-01  4.17004E-03  1.68255E-04  8.33738E-07  6.41814E-10  1.65713E-13
      10.805403  9.94348E-01  5.45278E-03  1.98243E-04  1.02447E-06  8.22694E-10  2.22159E-13
      11.005503  9.92720E-01  7.03945E-03  2.39346E-04  1.25171E-06  1.03256E-09  2.88157E-13
      11.205603  9.90775E-01  8.92743E-03  2.96129E-04  1.52418E-06  1.27385E-09  3.63566E-13
      11.405703  9.88520E-01  1.11044E-02  3.73902E-04  1.85286E-06  1.55071E-09  4.48599E-13
      11.605803  9.85972E-01  1.35477E-02  4.78467E-04  2.25178E-06  1.87061E-09  5.44456E-13
      11.805903  9.83157E-01  1.62247E-02  6.15768E-04  2.73941E-06  2.24650E-09  6.54180E-13
      12.006003  9.80113E-01  1.90923E-02  7.91445E-04  3.33915E-06  2.69797E-09  7.83251E-13
      12.206103  9.76887E-01  2.20989E-02  1.01036E-03  4.07789E-06  3.24991E-09  9.39261E-13
      12.406203  9.73533E-01  2.51860E-02  1.27616E-03  4.98129E-06  3.92718E-09  1.13005E-12
      12.606303  9.70114E-01  2.82894E-02  1.59089E-03  6.06664E-06  4.74504E-09  1.35982E-12
      12.806403  9.66697E-01  3.13405E-02  1.95469E-03  7.33444E-06  5.69675E-09  1.62391E-12
      13.006503  9.63358E-01  3.42676E-02  2.36562E-03  8.76093E-06  6.74348E-09  1.90501E-12
      13.206603  9.60172E-01  3.69982E-02  2.81960E-03  1.02944E-05  7.81343E-09  2.17443E-12
      13.406703  9.57215E-01  3.94629E-02  3.31055E-03  1.18583E-05  8.81345E-09  2.39889E-12
      13.606803  9.54558E-01  4.15981E-02  3.83068E-03  1.33619E-05  9.64903E-09  2.54962E-12
      13.806903  9.52265E-01  4.33497E-02  4.37091E-03  1.47171E-05  1.02457E-08  2.60984E-12
      14.007004  9.50388E-01  4.46750E-02  4.92150E-03  1.58573E-05  1.05688E-08  2.57995E-12
      14.207104  9.48967E-01  4.55433E-02  5.47277E-03  1.67562E-05  1.06399E-08  2.47999E-12
      14.407204  9.48034E-01  4.59329E-02  6.01586E-03  1.74428E-05  1.05412E-08  2.34611E-12
      14.607304  9.47611E-01  4.58273E-02  6.54334E-03  1.80061E-05  1.03984E-08  2.21994E-12
      14.807404  9.47719E-01  4.52130E-02  7.04942E-03  1.85828E-05  1.03484E-08  2.13716E-12
      15.007504  9.48371E-01  4.40802E-02  7.52993E-03  1.93288E-05  1.05153E-08  2.12366E-12
      15.207604  9.49571E-01  4.24270E-02  7.98192E-03  2.03804E-05  1.10008E-08  2.19954E-12
      15.407704  9.51310E-01  4.02646E-02  8.40322E-03  2.18197E-05  1.18786E-08  2.38248E-12
      15.607804  9.53562E-01  3.76222E-02  8.79187E-03  2.36522E-05  1.31750E-08  2.68292E-12
      15.807904  9.56279E-01  3.45497E-02  9.14564E-03  2.58007E-05  1.48433E-08  3.09452E-12
      16.008004  9.59391E-01  3.11191E-02  9.46162E-03  2.81164E-05  1.67611E-08  3.59095E-12
      16.208104  9.62813E-01  2.74210E-02  9.73604E-03  3.04057E-05  1.87633E-08  4.13611E-12
      16.408204  9.66443E-01  2.35602E-02  9.96437E-03  3.24747E-05  2.07037E-08  4.70371E-12
      16.608304  9.70175E-01  1.96486E-02  1.01417E-02  3.41886E-05  2.25147E-08  5.29498E-12
      16.808404  9.73899E-01  1.58025E-02  1.02633E-02  3.55357E-05  2.42442E-08  5.94550E-12
      17.008504  9.77496E-01  1.21419E-02  1.03253E-02  3.66744E-05  2.60714E-08  6.72619E-12
      17.208604  9.80843E-01  8.79388E-03  1.03253E-02  3.79404E-05  2.83394E-08  7.76035E-12
      17.408704  9.83802E-01  5.89523E-03  1.02634E-02  3.97977E-05  3.16296E-08  9.28326E-12
      17.608804  9.86221E-01  3.59316E-03  1.01430E-02  4.27364E-05  3.68231E-08  1.17405E-11
      17.808904  9.87939E-01  2.04127E-03  9.97249E-03  4.71361E-05  4.50135E-08  1.58446E-11
      18.009005  9.88790E-01  1.39029E-03  9.76619E-03  5.31313E-05  5.71593E-08  2.24522E-11
      18.209105  9.88620E-01  1.77383E-03  9.54565E-03  6.05282E-05  7.35623E-08  3.21916E-11
      18.409205  9.87297E-01  3.29352E-03  9.34057E-03  6.88245E-05  9.34836E-08  4.50111E-11
      18.609305  9.84725E-01  6.00877E-03  9.18908E-03  7.73523E-05  1.15250E-07  6.00304E-11
      18.809405  9.80844E-01  9.93331E-03  9.13690E-03  8.54956E-05  1.36889E-07  7.59020E-11
      19.009505  9.75636E-01  1.50350E-02  9.23546E-03  9.28952E-05  1.56849E-07  9.13587E-11
      19.209605  9.69126E-01  2.12353E-02  9.53903E-03  9.95594E-05  1.74290E-07  1.05422E-10
      19.409705  9.61387E-01  2.84062E-02  1.01010E-02  1.05870E-04  1.88987E-07  1.17273E-10
      19.609805  9.52548E-01  3.63694E-02  1.09697E-02  1.12508E-04  2.01359E-07  1.26366E-10
      19.809905  9.42799E-01  4.48968E-02  1.21834E-02  1.20332E-04  2.12760E-07  1.33054E-10
      20.010005  9.32385E-01  5.37189E-02  1.37659E-02  1.30175E-04  2.25353E-07  1.38886E-10
      20.210105  9.21592E-01  6.25432E-02  1.57224E-02  1.42563E-04  2.40959E-07  1.45510E-10
      20.410205  9.10720E-01  7.10830E-02  1.80391E-02  1.57417E-04  2.59412E-07  1.52860E-10
      20.610305  9.00062E-01  7.90812E-02  2.06824E-02  1.73862E-04  2.77856E-07  1.58544E-10
      20.810405  8.89882E-01  8.63257E-02  2.36018E-02  1.90273E-04  2.91880E-07  1.59481E-10
      21.010505  8.80409E-01  9.26539E-02  2.67324E-02  2.04616E-04  2.97752E-07  1.54126E-10
      21.210605  8.71837E-01  9.79482E-02  2.99994E-02  2.14981E-04  2.93755E-07  1.42915E-10
      21.410705  8.64327E-01  1.02131E-01  3.33220E-02  2.20103E-04  2.79952E-07  1.27239E-10
      21.610805  8.58002E-01  1.05161E-01  3.66174E-02  2.19698E-04  2.57616E-07  1.08607E-10
      21.810905  8.52947E-01  1.07033E-01  3.98056E-02  2.14496E-04  2.29359E-07  8.88393E-11
      22.011006  8.49204E-01  1.07776E-01  4.28132E-02  2.05973E-04  1.99133E-07  7.02888E-11
      22.211106  8.46775E-01  1.07452E-01  4.55762E-02  1.95890E-04  1.71042E-07  5.49415E-11
      22.411206  8.45618E-01  1.06152E-01  4.80436E-02  1.85840E-04  1.47645E-07  4.34547E-11
      22.611306  8.45661E-01  1.03983E-01  5.01787E-02  1.76977E-04  1.29413E-07  3.52645E-11
      22.811406  8.46816E-01  1.01054E-01  5.19598E-02  1.69982E-04  1.15729E-07  2.94594E-11
      23.011506  8.48992E-01  9.74635E-02  5.33790E-02  1.65160E-04  1.06082E-07  2.54873E-11
      23.211606  8.52103E-01  9.32947E-02  5.44394E-02  1.62546E-04  1.00259E-07  2.30963E-11
      23.411706  8.56063E-01  8.86241E-02  5.51512E-02  1.61957E-04  9.77987E-08  2.19802E-11
      23.611806  8.60779E-01  8.35293E-02  5.55285E-02  1.63024E-04  9.77556E-08  2.17067E-11
      23.811906  8.66151E-01  7.80966E-02  5.55870E-02  1.65243E-04  9.91571E-08  2.18933E-11
      24.012006  8.72063E-01  7.24267E-02  5.53419E-02  1.68031E-04  1.01512E-07  2.24162E-11
      24.212106  8.78384E-01  6.66371E-02  5.48077E-02  1.70788E-04  1.04700E-07  2.33452E-11
      24.412206  8.84969E-01  6.08595E-02  5.39983E-02  1.72977E-04  1.08445E-07  2.46562E-11
      24.612306  8.91664E-01  5.52334E-02  5.29282E-02  1.74239E-04  1.12143E-07  2.61558E-11
      24.812406  8.98311E-01  4.98987E-02  5.16154E-02  1.74529E-04  1.15393E-07  2.76881E-11
      25.012506  9.04751E-01  4.49912E-02  5.00832E-02  1.74222E-04  1.18644E-07  2.94063E-11
      25.212606  9.10819E-01  4.06435E-02  4.83635E-02  1.74099E-04  1.23145E-07  3.18231E-11
      25.412706  9.16341E-01  3.69853E-02  4.64987E-02  1.75183E-04  1.30248E-07  3.55000E-11
      25.612806  9.21135E-01  3.41434E-02  4.45431E-02  1.78463E-04  1.40952E-07  4.08371E-11
      25.812906  9.25015E-01  3.22362E-02  4.25639E-02  1.84609E-04  1.56135E-07  4.82868E-11
      26.013007  9.27799E-01  3.13668E-02  4.06408E-02  1.93749E-04  1.76794E-07  5.85993E-11
      26.213107  9.29317E-01  3.16127E-02  3.88646E-02  2.05381E-04  2.03355E-07  7.25223E-11
      26.413207  9.29431E-01  3.30156E-02  3.73344E-02  2.18455E-04  2.34430E-07  8.98174E-11
      26.613307  9.28039E-01  3.55760E-02  3.61527E-02  2.31638E-04  2.66621E-07  1.08694E-10
      26.813407  9.25080E-01  3.92561E-02  3.54202E-02  2.43715E-04  2.96129E-07  1.26782E-10
      27.013507  9.20528E-01  4.39894E-02  3.52282E-02  2.53985E-04  3.20846E-07  1.42661E-10
      27.213607  9.14397E-01  4.96881E-02  3.56520E-02  2.62514E-04  3.40824E-07  1.56230E-10
      27.413707  9.06741E-01  5.62451E-02  3.67437E-02  2.70168E-04  3.56959E-07  1.67587E-10
      27.613807  8.97665E-01  6.35292E-02  3.85266E-02  2.78403E-04  3.70012E-07  1.76067E-10
      27.813907  8.87340E-01  7.13799E-02  4.09907E-02  2.88843E-04  3.81373E-07  1.81347E-10
      28.014007  8.75998E-01  7.96083E-02  4.40909E-02  3.02706E-04  3.93930E-07  1.85122E-10
      28.214107  8.63924E-01  8.80073E-02  4.77478E-02  3.20187E-04  4.10294E-07  1.89866E-10
      28.414207  8.51437E-01  9.63708E-02  5.18521E-02  3.40014E-04  4.29041E-07  1.95213E-10
      28.614307  8.38853E-01  1.04516E-01  5.62713E-02  3.59443E-04  4.43508E-07  1.96831E-10
      28.814407  8.26468E-01  1.12298E-01  6.08588E-02  3.74909E-04  4.45955E-07  1.90386E-10
      29.014507  8.14539E-01  1.19614E-01  6.54635E-02  3.83201E-04  4.33361E-07  1.75968E-10
      29.214607  8.03289E-01  1.26389E-01  6.99387E-02  3.82720E-04  4.08599E-07  1.57317E-10
      29.414707  7.92922E-01  1.32554E-01  7.41496E-02  3.74206E-04  3.76485E-07  1.37755E-10
      29.614807  7.83625E-01  1.38034E-01  7.79797E-02  3.60541E-04  3.40672E-07  1.18331E-10
      29.814907  7.75573E-01  1.42747E-01  8.13343E-02  3.45731E-04  3.04921E-07  9.97648E-11
      30.015008  7.68919E-01  1.46604E-01  8.41439E-02  3.33498E-04  2.74894E-07  8.44731E-11
      30.215108  7.63780E-01  1.49529E-01  8.63644E-02  3.26075E-04  2.55728E-07  7.49307E-11
      30.415208  7.60231E-01  1.51469E-01  8.79760E-02  3.23627E-04  2.47558E-07  7.07293E-11
      30.615308  7.58299E-01  1.52396E-01  8.89797E-02  3.24467E-04  2.45050E-07  6.87736E-11
      30.815408  7.57970E-01  1.52309E-01  8.93943E-02  3.25921E-04  2.42115E-07  6.62587E-11
      31.015508  7.59201E-01  1.51221E-01  8.92517E-02  3.25412E-04  2.36414E-07  6.27566E-11
      31.215608  7.61933E-01  1.49153E-01  8.85923E-02  3.21317E-04  2.29066E-07  5.93751E-11
      31.415708  7.66087E-01  1.46140E-01  8.74597E-02  3.13329E-04  2.21128E-07  5.66757E-11
      31.615808  7.71563E-01  1.42238E-01  8.58965E-02  3.02348E-04  2.11846E-07  5.40101E-11
      31.815908  7.78229E-01  1.37539E-01  8.39419E-02  2.90058E-04  2.00531E-07  5.06221E-11
      32.016008  7.85916E-01  1.32175E-01  8.16304E-02  2.78393E-04  1.89045E-07  4.70000E-11
      32.216108  7.94414E-01  1.26323E-01  7.89933E-02  2.69018E-04  1.81333E-07  4.48172E-11
      32.416208  8.03484E-01  1.20192E-01  7.60607E-02  2.62940E-04  1.80219E-07  4.53533E-11
      32.616308  8.12860E-01  1.14014E-01  7.28653E-02  2.60318E-04  1.85075E-07  4.82781E-11
      32.816408  8.22271E-01  1.08022E-01  6.94465E-02  2.60502E-04  1.92999E-07  5.22254E-11
      33.016508  8.31444E-01  1.02439E-01  6.58543E-02  2.62267E-04  2.01981E-07  5.64002E-11
      33.216608  8.40117E-01  9.74661E-02  6.21524E-02  2.64158E-04  2.12151E-07  6.13159E-11
      33.416708  8.48037E-01  9.32785E-02  5.84198E-02  2.64852E-04  2.23710E-07  6.76212E-11
      33.616808  8.54965E-01  9.00207E-02  5.47506E-02  2.63460E-04  2.34554E-07  7.44414E-11
      33.816908  8.60682E-01  8.78049E-02  5.12527E-02  2.59706E-04  2.41213E-07  7.96731E-11
      34.017009  8.64995E-01  8.67066E-02  4.80444E-02  2.53938E-04  2.42317E-07  8.21488E-11
      34.217109  8.67741E-01  8.67612E-02  4.52506E-02  2.46990E-04  2.40183E-07  8.30195E-11
      34.417209  8.68803E-01  8.79601E-02  4.29967E-02  2.39960E-04  2.38321E-07  8.44038E-11
      34.617309  8.68112E-01  9.02523E-02  4.14017E-02  2.34014E-04  2.37973E-07  8.68028E-11
      34.817409  8.65646E-01  9.35532E-02  4.05700E-02  2.30261E-04  2.38094E-07  8.88896E-11
      35.017509  8.61426E-01  9.77611E-02  4.05830E-02  2.29713E-04  2.38605E-07  9.00487E-11
      35.217609  8.55502E-01  1.02773E-01  4.14907E-02  2.33274E-04  2.42424E-07  9.20371E-11
      35.417709  8.47953E-01  1.08500E-01  4.33049E-02  2.41718E-04  2.53306E-07  9.74283E-11
      35.617809  8.38883E-01  1.14867E-01  4.59944E-02  2.55581E-04  2.72104E-07  1.06622E-10
      35.817909  8.28432E-01  1.21810E-01  4.94831E-02  2.74930E-04  2.96305E-07  1.17390E-10
      36.018009  8.16781E-01  1.29267E-01  5.36520E-02  2.99019E-04  3.23282E-07  1.27858E-10
      36.218109  8.04163E-01  1.37166E-01  5.83443E-02  3.25966E-04  3.52152E-07  1.38388E-10
      36.418209  7.90849E-01  1.45423E-01  6.33741E-02  3.52692E-04  3.80794E-07  1.49011E-10
      36.618309  7.77135E-01  1.53951E-01  6.85377E-02  3.75340E-04  4.02397E-07  1.56186E-10
      36.818409  7.63318E-01  1.62665E-01  7.36264E-02  3.90203E-04  4.08295E-07  1.54848E-10
      37.018509  7.49679E-01  1.71486E-01  7.84396E-02  3.94951E-04  3.95454E-07  1.44086E-10
      37.218609  7.36481E-01  1.80332E-01  8.27969E-02  3.89642E-04  3.69380E-07  1.28362E-10
      37.418709  7.23971E-01  1.89104E-01  8.65485E-02  3.77017E-04  3.38760E-07  1.12765E-10
      37.618809  7.12387E-01  1.97669E-01  8.95824E-02  3.61809E-04  3.09363E-07  9.91607E-11
      37.818909  7.01970E-01  2.05852E-01  9.18291E-02  3.49256E-04  2.84617E-07  8.76199E-11
      38.019010  6.92959E-01  2.13436E-01  9.32609E-02  3.43370E-04  2.69311E-07  7.98324E-11
      38.219110  6.85582E-01  2.20184E-01  9.38882E-02  3.45624E-04  2.68404E-07  7.85644E-11
      38.419210  6.80034E-01  2.25859E-01  9.37513E-02  3.54548E-04  2.81343E-07  8.37179E-11
      38.619310  6.76466E-01  2.30255E-01  9.29115E-02  3.66363E-04  3.00033E-07  9.10947E-11
      38.819410  6.74972E-01  2.33210E-01  9.14415E-02  3.76339E-04  3.14229E-07  9.58310E-11
      39.019510  6.75589E-01  2.34612E-01  8.94181E-02  3.80308E-04  3.18530E-07  9.62223E-11
      39.219610  6.78309E-01  2.34399E-01  8.69157E-02  3.75788E-04  3.13640E-07  9.37266E-11
      39.419710  6.83069E-01  2.32567E-01  8.40015E-02  3.62435E-04  3.02041E-07  8.99918E-11
      39.619810  6.89753E-01  2.29172E-01  8.07332E-02  3.41877E-04  2.84375E-07  8.48983E-11
      39.819910  6.98181E-01  2.24343E-01  7.71585E-02  3.17096E-04  2.60590E-07  7.74956E-11
      40.020010  7.08106E-01  2.18286E-01  7.33160E-02  2.91615E-04  2.33448E-07  6.82764E-11
      40.220110  7.19214E-01  2.11278E-01  6.92387E-02  2.68664E-04  2.09253E-07  6.00026E-11
      40.420210  7.31137E-01  2.03654E-01  6.49580E-02  2.50504E-04  1.94201E-07  5.58096E-11
      40.620310  7.43474E-01  1.95780E-01  6.05086E-02  2.38025E-04  1.89997E-07  5.65389E-11
      40.820410  7.55817E-01  1.88018E-01  5.59338E-02  2.30713E-04  1.93398E-07  6.03631E-11
      41.020510  7.67777E-01  1.80705E-01  5.12907E-02  2.26937E-04  1.99985E-07  6.50263E-11
      41.220610  7.78992E-01  1.74129E-01  4.66536E-02  2.24478E-04  2.07648E-07  6.99750E-11
      41.420710  7.89134E-01  1.68530E-01  4.21147E-02  2.21153E-04  2.15917E-07  7.58408E-11
      41.620810  7.97910E-01  1.64092E-01  3.77826E-02  2.15377E-04  2.22816E-07  8.20389E-11
      41.820910  8.05063E-01  1.60951E-01  3.37787E-02  2.06534E-04  2.24279E-07  8.59483E-11
      42.021011  8.10379E-01  1.59194E-01  3.02319E-02  1.95033E-04  2.17554E-07  8.52286E-11
      42.221111  8.13684E-01  1.58861E-01  2.72727E-02  1.82079E-04  2.04361E-07  8.04760E-11
      42.421211  8.14862E-01  1.59943E-01  2.50253E-02  1.69241E-04  1.89617E-07  7.47712E-11
      42.621311  8.13857E-01  1.62384E-01  2.36002E-02  1.58063E-04  1.77191E-07  7.05345E-11
      42.821411  8.10681E-01  1.66084E-01  2.30847E-02  1.49835E-04  1.67701E-07  6.75685E-11
      43.021511  8.05403E-01  1.70916E-01  2.35346E-02  1.45565E-04  1.60495E-07  6.46905E-11
      43.221611  7.98136E-01  1.76751E-01  2.49667E-02  1.46071E-04  1.56867E-07  6.24945E-11
      43.421711  7.89020E-01  1.83475E-01  2.73535E-02  1.52035E-04  1.60264E-07  6.34135E-11
      43.621811  7.78211E-01  1.91004E-01  3.06211E-02  1.63936E-04  1.72983E-07  6.89834E-11
      43.821911  7.65878E-01  1.99290E-01  3.46506E-02  1.81839E-04  1.93529E-07  7.78170E-11
      44.022011  7.52204E-01  2.08308E-01  3.92832E-02  2.05111E-04  2.18455E-07  8.73473E-11
      44.222111  7.37398E-01  2.18042E-01  4.43280E-02  2.32197E-04  2.46349E-07  9.73149E-11
      44.422211  7.21708E-01  2.28459E-01  4.95724E-02  2.60586E-04  2.77510E-07  1.09446E-10
      44.622311  7.05423E-01  2.39496E-01  5.47941E-02  2.87074E-04  3.08768E-07  1.22872E-10
      44.822411  6.88863E-01  2.51054E-01  5.97739E-02  3.08351E-04  3.31578E-07  1.32154E-10
      45.022511  6.72364E-01  2.63005E-01  6.43093E-02  3.21831E-04  3.38417E-07  1.32359E-10
      45.222611  6.56258E-01  2.75189E-01  6.82261E-02  3.26477E-04  3.29929E-07  1.24657E-10
      45.422711  6.40869E-01  2.87418E-01  7.13890E-02  3.23228E-04  3.13047E-07  1.14131E-10
      45.622811  6.26508E-01  2.99469E-01  7.37075E-02  3.14784E-04  2.93370E-07  1.03728E-10
      45.822911  6.13479E-01  3.11077E-01  7.51397E-02  3.04763E-04  2.72924E-07  9.32547E-11
      46.023012  6.02078E-01  3.21934E-01  7.56911E-02  2.96554E-04  2.54769E-07  8.34712E-11
      46.223112  5.92597E-01  3.31701E-01  7.54093E-02  2.92249E-04  2.44856E-07  7.79039E-11
      46.423212  5.85303E-01  3.40031E-01  7.43735E-02  2.92016E-04  2.46679E-07  7.89335E-11
      46.623312  5.80418E-01  3.46606E-01  7.26820E-02  2.94141E-04  2.56172E-07  8.40994E-11
      46.823412  5.78093E-01  3.51171E-01  7.04392E-02  2.95743E-04  2.64416E-07  8.81703E-11
      47.023512  5.78402E-01  3.53558E-01  6.77460E-02  2.93847E-04  2.65016E-07  8.80664E-11
      47.223612  5.81336E-01  3.53684E-01  6.46936E-02  2.86360E-04  2.57569E-07  8.46047E-11
      47.423712  5.86814E-01  3.51554E-01  6.13595E-02  2.72633E-04  2.44617E-07  7.98841E-11
      47.623812  5.94681E-01  3.47259E-01  5.78064E-02  2.53511E-04  2.27379E-07  7.44183E-11
      47.823912  6.04712E-01  3.40974E-01  5.40828E-02  2.30993E-04  2.05597E-07  6.73083E-11
      48.024012  6.16604E-01  3.32962E-01  5.02257E-02  2.07665E-04  1.80650E-07  5.84597E-11
      48.224112  6.29982E-01  3.23568E-01  4.62638E-02  1.86046E-04  1.57177E-07  4.99375E-11
      48.424212  6.44397E-01  3.13213E-01  4.22214E-02  1.67991E-04  1.40627E-07  4.47589E-11
      48.624312  6.59350E-01  3.02373E-01  3.81220E-02  1.54278E-04  1.33209E-07  4.42492E-11
      48.824412  6.74320E-01  2.91543E-01  3.39923E-02  1.44486E-04  1.32593E-07  4.69852E-11
      49.024512  6.88801E-01  2.81194E-01  2.98673E-02  1.37200E-04  1.34567E-07  5.05368E-11
      49.224612  7.02326E-01  2.71750E-01  2.57937E-02  1.30507E-04  1.36366E-07  5.37478E-11
      49.424712  7.14479E-01  2.63565E-01  2.18331E-02  1.22627E-04  1.37013E-07  5.68221E-11
      49.624812  7.24901E-01  2.56924E-01  1.80620E-02  1.12497E-04  1.35257E-07  5.94434E-11
      49.824912  7.33280E-01  2.52050E-01  1.45706E-02  1.00113E-04  1.28943E-07  5.98682E-11
      50.025013  7.39348E-01  2.49106E-01  1.14596E-02  8.64893E-05  1.17217E-07  5.66488E-11
      50.225113  7.42883E-01  2.48208E-01  8.83612E-03  7.32515E-05  1.02438E-07  5.07062E-11
      50.425213  7.43707E-01  2.49423E-01  6.80785E-03  6.20577E-05  8.88501E-08  4.48382E-11
      50.625313  7.41708E-01  2.52761E-01  5.47587E-03  5.41059E-05  7.95331E-08  4.12862E-11
      50.825413  7.36853E-01  2.58171E-01  4.92637E-03  4.99628E-05  7.50858E-08  4.02688E-11
      51.025513  7.29196E-01  2.65532E-01  5.22168E-03  4.97529E-05  7.47517E-08  4.08080E-11
      51.225613  7.18884E-01  2.74670E-01  6.39200E-03  5.35414E-05  7.82630E-08  4.25366E-11
      51.425713  7.06138E-01  2.85371E-01  8.42896E-03  6.16219E-05  8.69323E-08  4.66351E-11
      51.625813  6.91235E-01  2.97408E-01  1.12824E-02  7.44739E-05  1.02993E-07  5.49126E-11
      51.825913  6.74485E-01  3.10562E-01  1.48606E-02  9.23680E-05  1.26984E-07  6.73888E-11
      52.026013  6.56217E-01  3.24633E-01  1.90346E-02  1.14832E-04  1.55882E-07  8.11606E-11
      52.226113  6.36771E-01  3.39444E-01  2.36450E-02  1.40324E-04  1.85295E-07  9.31670E-11
      52.426213  6.16495E-01  3.54827E-01  2.85112E-02  1.66381E-04  2.13219E-07  1.03619E-10
      52.626313  5.95755E-01  3.70613E-01  3.34410E-02  1.90247E-04  2.39221E-07  1.14248E-10
      52.826413  5.74936E-01  3.86614E-01  3.82401E-02  2.09696E-04  2.60106E-07  1.23402E-10
      53.026513  5.54436E-01  4.02619E-01  4.27213E-02  2.23643E-04  2.70535E-07  1.26411E-10
      53.226613  5.34647E-01  4.18404E-01  4.67160E-02  2.32320E-04  2.69673E-07  1.22112E-10
      53.426713  5.15946E-01  4.33733E-01  5.00837E-02  2.36995E-04  2.63541E-07  1.15202E-10
      53.626813  4.98680E-01  4.48359E-01  5.27218E-02  2.39376E-04  2.58251E-07  1.09983E-10
      53.826913  4.83168E-01  4.62020E-01  5.45709E-02  2.40923E-04  2.54074E-07  1.05672E-10
      54.027014  4.69705E-01  4.74436E-01  5.56168E-02  2.42341E-04  2.48885E-07  1.00111E-10
      54.227114  4.58559E-01  4.85309E-01  5.58883E-02  2.43406E-04  2.44049E-07  9.48366E-11
      54.427214  4.49973E-01  4.94334E-01  5.54493E-02  2.43150E-04  2.42460E-07  9.30448E-11
      54.627314  4.44147E-01  5.01224E-01  5.43880E-02  2.40246E-04  2.42229E-07  9.37878E-11
      54.827414  4.41214E-01  5.05749E-01  5.28033E-02  2.33489E-04  2.36755E-07  9.20693E-11
      55.027514  4.41220E-01  5.07764E-01  5.07937E-02  2.22258E-04  2.21759E-07  8.47932E-11
      55.227614  4.44122E-01  5.07220E-01  4.84509E-02  2.06831E-04  1.99567E-07  7.39011E-11
      55.427714  4.49797E-01  5.04159E-01  4.58553E-02  1.88431E-04  1.75654E-07  6.32072E-11
      55.627814  4.58057E-01  4.98697E-01  4.30766E-02  1.68976E-04  1.53220E-07  5.42292E-11
      55.827914  4.68667E-01  4.91009E-01  4.01740E-02  1.50621E-04  1.32722E-07  4.62922E-11
      56.028014  4.81341E-01  4.81325E-01  3.71985E-02  1.35239E-04  1.15322E-07  3.94026E-11
      56.228114  4.95747E-01  4.69935E-01  3.41946E-02  1.23975E-04  1.04343E-07  3.54572E-11
      56.428214  5.11484E-01  4.57199E-01  3.12006E-02  1.16962E-04  1.02452E-07  3.64383E-11
      56.628314  5.28083E-01  4.43555E-01  2.82485E-02  1.13280E-04  1.08278E-07  4.18892E-11
      56.828414  5.45017E-01  4.29508E-01  2.53638E-02  1.11172E-04  1.16764E-07  4.88070E-11
      57.028514  5.61718E-01  4.15606E-01  2.25671E-02  1.08496E-04  1.22818E-07  5.42225E-11
      57.228614  5.77618E-01  4.02403E-01  1.98757E-02  1.03319E-04  1.23997E-07  5.72093E-11
      57.428714  5.92170E-01  3.90429E-01  1.73066E-02  9.45163E-05  1.19707E-07  5.79919E-11
      57.628814  6.04871E-01  3.80167E-01  1.48794E-02  8.21671E-05  1.09263E-07  5.59270E-11
      57.828914  6.15272E-01  3.72041E-01  1.26196E-02  6.76030E-05  9.25116E-08  4.97557E-11
      58.029015  6.22976E-01  3.66410E-01  1.05609E-02  5.30067E-05  7.23466E-08  4.03113E-11
      58.229115  6.27637E-01  3.63575E-01  8.74785E-03  4.06586E-05  5.46548E-08  3.15605E-11
      58.429215  6.28969E-01  3.63763E-01  7.23504E-03  3.20984E-05  4.42647E-08  2.74617E-11
      58.629315  6.26767E-01  3.67120E-01  6.08569E-03  2.75663E-05  4.13684E-08  2.83021E-11
      58.829415  6.20924E-01  3.73682E-01  5.36733E-03  2.60296E-05  4.25095E-08  3.12114E-11
      59.029515  6.11462E-01  3.83367E-01  5.14547E-03  2.58627E-05  4.39609E-08  3.34511E-11
      59.229615  5.98542E-01  3.95956E-01  5.47533E-03  2.59182E-05  4.33878E-08  3.35719E-11
      59.429715  5.82474E-01  4.11106E-01  6.39319E-03  2.64470E-05  4.05657E-08  3.10784E-11
      59.629815  5.63689E-01  4.28372E-01  7.90929E-03  2.93048E-05  3.93372E-08  2.84049E-11
      59.829915  5.42707E-01  4.47252E-01  1.00040E-02  3.71957E-05  4.74881E-08  3.17163E-11
      60.030015  5.20096E-01  4.67224E-01  1.26276E-02  5.22238E-05  7.09098E-08  4.54939E-11
      60.230115  4.96439E-01  4.87784E-01  1.57027E-02  7.44603E-05  1.07529E-07  6.70207E-11
      60.430215  4.72299E-01  5.08471E-01  1.91287E-02  1.01332E-04  1.49045E-07  8.95473E-11
      60.630315  4.48207E-01  5.28878E-01  2.27871E-02  1.28305E-04  1.87311E-07  1.08805E-10
      60.830415  4.24652E-01  5.48650E-01  2.65470E-02  1.50651E-04  2.16155E-07  1.22555E-10
      61.030515  4.02084E-01  5.67481E-01  3.02699E-02  1.65460E-04  2.29988E-07  1.27123E-10
      61.230615  3.80907E-01  5.85105E-01  3.38148E-02  1.72839E-04  2.27357E-07  1.20748E-10
      61.430715  3.61477E-01  6.01301E-01  3.70461E-02  1.75706E-04  2.16244E-07  1.09449E-10
      61.630815  3.44092E-01  6.15887E-01  3.98432E-02  1.78300E-04  2.09852E-07  1.03118E-10
      61.830915  3.28997E-01  6.28708E-01  4.21106E-02  1.84149E-04  2.15119E-07  1.05252E-10
      62.031016  3.16393E-01  6.39625E-01  4.37872E-02  1.94437E-04  2.29070E-07  1.11594E-10
      62.231116  3.06440E-01  6.48502E-01  4.48503E-02  2.07498E-04  2.46287E-07  1.18293E-10
      62.431216  2.99277E-01  6.55188E-01  4.53151E-02  2.19574E-04  2.63947E-07  1.25816E-10
      62.631316  2.95013E-01  6.59532E-01  4.52280E-02  2.26409E-04  2.77627E-07  1.33327E-10
      62.831416  2.93716E-01  6.61403E-01  4.46554E-02  2.24932E-04  2.78506E-07  1.34583E-10
      63.031516  2.95393E-01  6.60721E-01  4.36717E-02  2.14360E-04  2.60218E-07  1.23947E-10
      63.231616  2.99975E-01  6.57478E-01  4.23506E-02  1.96406E-04  2.26535E-07  1.03834E-10
      63.431716  3.07315E-01  6.51750E-01  4.07599E-02  1.74647E-04  1.88546E-07  8.23632E-11
      63.631816  3.17199E-01  6.43686E-01  3.89612E-02  1.53353E-04  1.55378E-07  6.51512E-11
      63.831916  3.29367E-01  6.33484E-01  3.70124E-02  1.36235E-04  1.30545E-07  5.28161E-11
      64.032016  3.43526E-01  6.21377E-01  3.49718E-02  1.25488E-04  1.15756E-07  4.53780E-11
      64.232116  3.59357E-01  6.07621E-01  3.28998E-02  1.21373E-04  1.13479E-07  4.48687E-11
      64.432216  3.76503E-01  5.92517E-01  3.08579E-02  1.22385E-04  1.23757E-07  5.24092E-11
      64.632316  3.94547E-01  5.76422E-01  2.89047E-02  1.25882E-04  1.40967E-07  6.48128E-11
      64.832416  4.13009E-01  5.59770E-01  2.70916E-02  1.28955E-04  1.56473E-07  7.61314E-11
      65.032516  4.31339E-01  5.43072E-01  2.54587E-02  1.29304E-04  1.64568E-07  8.26320E-11
      65.232616  4.48943E-01  5.26899E-01  2.40322E-02  1.25883E-04  1.64776E-07  8.47572E-11
      65.432716  4.65204E-01  5.11852E-01  2.28247E-02  1.19165E-04  1.59147E-07  8.42291E-11
      65.632816  4.79526E-01  4.98526E-01  2.18368E-02  1.10966E-04  1.49735E-07  8.15047E-11
      65.832916  4.91359E-01  4.87475E-01  2.10613E-02  1.03875E-04  1.39897E-07  7.75816E-11
      66.033017  5.00220E-01  4.79190E-01  2.04886E-02  1.00418E-04  1.36100E-07  7.70652E-11
      66.233117  5.05713E-01  4.74075E-01  2.01100E-02  1.02189E-04  1.45258E-07  8.64278E-11
      66.433217  5.07542E-01  4.72428E-01  1.99212E-02  1.09204E-04  1.68887E-07  1.07798E-10
      66.633317  5.05531E-01  4.74427E-01  1.99223E-02  1.19735E-04  2.00826E-07  1.35905E-10
      66.833417  4.99644E-01  4.80107E-01  2.01179E-02  1.30734E-04  2.31376E-07  1.62296E-10
      67.033517  4.89989E-01  4.89357E-01  2.05148E-02  1.38814E-04  2.52614E-07  1.81093E-10
      67.233617  4.76827E-01  5.01913E-01  2.11178E-02  1.41484E-04  2.59363E-07  1.88873E-10
      67.433717  4.60559E-01  5.17377E-01  2.19258E-02  1.38188E-04  2.48343E-07  1.81751E-10
      67.633817  4.41700E-01  5.35241E-01  2.29282E-02  1.30689E-04  2.21036E-07  1.58589E-10
      67.833917  4.20841E-01  5.54933E-01  2.41034E-02  1.22537E-04  1.87415E-07  1.27255E-10
      68.034017  3.98611E-01  5.75851E-01  2.54201E-02  1.17748E-04  1.62191E-07  1.01729E-10
      68.234117  3.75641E-01  5.97400E-01  2.68395E-02  1.19174E-04  1.54552E-07  9.05913E-11
      68.434217  3.52536E-01  6.19018E-01  2.83191E-02  1.27280E-04  1.63126E-07  9.18802E-11
      68.634317  3.29859E-01  6.40186E-01  2.98155E-02  1.39916E-04  1.81125E-07  9.99088E-11
      68.834417  3.08126E-01  6.60433E-01  3.12875E-02  1.53268E-04  2.02213E-07  1.11300E-10
      69.034517  2.87808E-01  6.79333E-01  3.26952E-02  1.63584E-04  2.19867E-07  1.22204E-10
      69.234617  2.69324E-01  6.96508E-01  3.39992E-02  1.68856E-04  2.27106E-07  1.26508E-10
      69.434717  2.53039E-01  7.11633E-01  3.51584E-02  1.69638E-04  2.22878E-07  1.22532E-10
      69.634817  2.39255E-01  7.24445E-01  3.61309E-02  1.68647E-04  2.16210E-07  1.17855E-10
      69.834917  2.28201E-01  7.34752E-01  3.68780E-02  1.69335E-04  2.18562E-07  1.21519E-10
      70.035018  2.20039E-01  7.42417E-01  3.73695E-02  1.74139E-04  2.32919E-07  1.33783E-10
      70.235118  2.14872E-01  7.47354E-01  3.75909E-02  1.83193E-04  2.53955E-07  1.48377E-10
      70.435218  2.12755E-01  7.49502E-01  3.75483E-02  1.94123E-04  2.76095E-07  1.61625E-10
      70.635318  2.13710E-01  7.48818E-01  3.72692E-02  2.02988E-04  2.95361E-07  1.73355E-10
      70.835418  2.17720E-01  7.45275E-01  3.67988E-02  2.05916E-04  3.04631E-07  1.79836E-10
      71.035518  2.24718E-01  7.38890E-01  3.61910E-02  2.00707E-04  2.94992E-07  1.73332E-10
      71.235618  2.34569E-01  7.29745E-01  3.54986E-02  1.87744E-04  2.64935E-07  1.51550E-10
      71.435718  2.47054E-01  7.18011E-01  3.47654E-02  1.69885E-04  2.24033E-07  1.22408E-10
      71.635818  2.61874E-01  7.03953E-01  3.40216E-02  1.51451E-04  1.85037E-07  9.62004E-11
      71.835918  2.78664E-01  6.87913E-01  3.32859E-02  1.36749E-04  1.55499E-07  7.70725E-11
      72.036018  2.97015E-01  6.70286E-01  3.25703E-02  1.28695E-04  1.38541E-07  6.53631E-11
      72.236118  3.16495E-01  6.51491E-01  3.18859E-02  1.28035E-04  1.36798E-07  6.32247E-11
      72.436218  3.36651E-01  6.31969E-01  3.12465E-02  1.33383E-04  1.50599E-07  7.24817E-11
      72.636318  3.57011E-01  6.12178E-01  3.06682E-02  1.41973E-04  1.74038E-07  8.93772E-11
      72.836418  3.77076E-01  5.92606E-01  3.01672E-02  1.50787E-04  1.97574E-07  1.06290E-10
      73.036518  3.96314E-01  5.73772E-01  2.97566E-02  1.57591E-04  2.15278E-07  1.18979E-10
      73.236618  4.14174E-01  5.56221E-01  2.94426E-02  1.61534E-04  2.27343E-07  1.28754E-10
      73.436718  4.30109E-01  5.40505E-01  2.92224E-02  1.63162E-04  2.35938E-07  1.37329E-10
      73.636818  4.43608E-01  5.27143E-01  2.90846E-02  1.63937E-04  2.42000E-07  1.43768E-10
      73.836918  4.54230E-01  5.16590E-01  2.90133E-02  1.65508E-04  2.47117E-07  1.47983E-10
      74.037019  4.61630E-01  5.09210E-01  2.89916E-02  1.68996E-04  2.55315E-07  1.53697E-10
      74.237119  4.65566E-01  5.05254E-01  2.90049E-02  1.74528E-04  2.69772E-07  1.64654E-10
      74.437219  4.65922E-01  5.04854E-01  2.90421E-02  1.81143E-04  2.88207E-07  1.79009E-10
      74.637319  4.62707E-01  5.08010E-01  2.90955E-02  1.87087E-04  3.03663E-07  1.90369E-10
      74.837419  4.56052E-01  5.14597E-01  2.91606E-02  1.90373E-04  3.10211E-07  1.94173E-10
      75.037519  4.46204E-01  5.24371E-01  2.92349E-02  1.89430E-04  3.06471E-07  1.90809E-10
      75.237619  4.33512E-01  5.36988E-01  2.93158E-02  1.83618E-04  2.93462E-07  1.82261E-10
      75.437719  4.18408E-01  5.52019E-01  2.93985E-02  1.73462E-04  2.71489E-07  1.68233E-10
      75.637819  4.01378E-01  5.68985E-01  2.94763E-02  1.60558E-04  2.41385E-07  1.47877E-10
      75.837919  3.82931E-01  5.87380E-01  2.95413E-02  1.47151E-04  2.07804E-07  1.23993E-10
      76.038019  3.63582E-01  6.06695E-01  2.95876E-02  1.35512E-04  1.78280E-07  1.02510E-10
      76.238119  3.43835E-01  6.26424E-01  2.96134E-02  1.27286E-04  1.57889E-07  8.74429E-11
      76.438219  3.24181E-01  6.46073E-01  2.96225E-02  1.23051E-04  1.46378E-07  7.82846E-11
      76.638319  3.05095E-01  6.65156E-01  2.96267E-02  1.22265E-04  1.41261E-07  7.30474E-11
      76.838419  2.87037E-01  6.83194E-01  2.96457E-02  1.23657E-04  1.41567E-07  7.17475E-11
      77.038519  2.70460E-01  6.99707E-01  2.97065E-02  1.25912E-04  1.46743E-07  7.49528E-11
      77.238619  2.55805E-01  7.14228E-01  2.98392E-02  1.28325E-04  1.54188E-07  8.08387E-11
      77.438719  2.43483E-01  7.26314E-01  3.00718E-02  1.31160E-04  1.61678E-07  8.71147E-11
      77.638819  2.33860E-01  7.35580E-01  3.04242E-02  1.35499E-04  1.71905E-07  9.57082E-11
      77.838919  2.27227E-01  7.41725E-01  3.09047E-02  1.42664E-04  1.90751E-07  1.11632E-10
      78.039020  2.23789E-01  7.44549E-01  3.15084E-02  1.53422E-04  2.19909E-07  1.35712E-10
      78.239120  2.23656E-01  7.43958E-01  3.22188E-02  1.67333E-04  2.54030E-07  1.62028E-10
      78.439220  2.26848E-01  7.39959E-01  3.30101E-02  1.82568E-04  2.86065E-07  1.84091E-10
      78.639320  2.33310E-01  7.32641E-01  3.38520E-02  1.96365E-04  3.11877E-07  1.99929E-10
      78.839420  2.42916E-01  7.22165E-01  3.47129E-02  2.05975E-04  3.27915E-07  2.08714E-10
      79.039520  2.55475E-01  7.08755E-01  3.55604E-02  2.09701E-04  3.28976E-07  2.06473E-10
      79.239620  2.70725E-01  6.92706E-01  3.63612E-02  2.07574E-04  3.13166E-07  1.90718E-10
      79.439720  2.88328E-01  6.74392E-01  3.70782E-02  2.01342E-04  2.87253E-07  1.67332E-10
      79.639820  3.07866E-01  6.54270E-01  3.76694E-02  1.93780E-04  2.62447E-07  1.46870E-10
      79.839920  3.28858E-01  6.32865E-01  3.80894E-02  1.87644E-04  2.45211E-07  1.34087E-10
      80.040020  3.50777E-01  6.10744E-01  3.82937E-02  1.84687E-04  2.35494E-07  1.26272E-10
      80.240120  3.73083E-01  5.88486E-01  3.82456E-02  1.85145E-04  2.32438E-07  1.21653E-10
      80.440220  3.95231E-01  5.66661E-01  3.79206E-02  1.87842E-04  2.36473E-07  1.22392E-10
      80.640320  4.16689E-01  5.45812E-01  3.73086E-02  1.90793E-04  2.45246E-07  1.28324E-10
      80.840420  4.36943E-01  5.26450E-01  3.64145E-02  1.92034E-04  2.52565E-07  1.34326E-10
      81.040520  4.55507E-01  5.09045E-01  3.52571E-02  1.90306E-04  2.53959E-07  1.36478E-10
      81.240620  4.71926E-01  4.94022E-01  3.38667E-02  1.85335E-04  2.50297E-07  1.36325E-10
      81.440720  4.85797E-01  4.81744E-01  3.22813E-02  1.77666E-04  2.44028E-07  1.35978E-10
      81.640820  4.96795E-01  4.72493E-01  3.05431E-02  1.68243E-04  2.34807E-07  1.33359E-10
      81.840920  5.04695E-01  4.66450E-01  2.86971E-02  1.57985E-04  2.21275E-07  1.25778E-10
      82.041021  5.09373E-01  4.63689E-01  2.67909E-02  1.47525E-04  2.04888E-07  1.14847E-10
      82.241121  5.10805E-01  4.64184E-01  2.48734E-02  1.37138E-04  1.88918E-07  1.04492E-10
      82.441221  5.09061E-01  4.67818E-01  2.29937E-02  1.26813E-04  1.74447E-07  9.58678E-11
      82.641321  5.04290E-01  4.74395E-01  2.11989E-02  1.16419E-04  1.59815E-07  8.71923E-11
      82.841421  4.96711E-01  4.83651E-01  1.95323E-02  1.05886E-04  1.43930E-07  7.75962E-11
      83.041521  4.86602E-01  4.95269E-01  1.80333E-02  9.53229E-05  1.28058E-07  6.84918E-11
      83.241621  4.74291E-01  5.08888E-01  1.67364E-02  8.50339E-05  1.13818E-07  6.12059E-11
      83.441721  4.60145E-01  5.24108E-01  1.56707E-02  7.54486E-05  1.01008E-07  5.51124E-11
      83.641821  4.44565E-01  5.40507E-01  1.48601E-02  6.70134E-05  8.85289E-08  4.88246E-11
      83.841921  4.27963E-01  5.57652E-01  1.43241E-02  6.00957E-05  7.65980E-08  4.22682E-11
      84.042021  4.10757E-01  5.75108E-01  1.40800E-02  5.49305E-05  6.67807E-08  3.66166E-11
      84.242121  3.93363E-01  5.92442E-01  1.41433E-02  5.16240E-05  6.00091E-08  3.26202E-11
      84.442221  3.76199E-01  6.09222E-01  1.45288E-02  5.02128E-05  5.57481E-08  2.99249E-11
