# population in each right-qubit level over  time for $\ket{\Psi(t=0)} = \ket{01}$ (integrated over all cavity levels)
#        t [ns]            0            1            2            3            4            5
       0.000000  0.00000E+00  1.00000E+00  0.00000E+00  0.00000E+00  0.00000E+00  0.00000E+00
       0.200100  1.61513E-05  9.99984E-01  5.46707E-12  1.10619E-23  1.29281E-35  1.02271E-47
       0.400200  5.92263E-05  9.99941E-01  5.92618E-10  1.29556E-19  1.62517E-29  1.36648E-39
       0.600300  1.25701E-04  9.99874E-01  7.78996E-09  2.21289E-17  3.52160E-26  3.62814E-35
       0.800400  2.10047E-04  9.99790E-01  4.79764E-08  8.24818E-16  7.66975E-24  4.39813E-32
       1.000500  3.05224E-04  9.99695E-01  1.97053E-07  1.35950E-14  4.85229E-22  1.00846E-29
       1.200600  4.03307E-04  9.99596E-01  6.26452E-07  1.33452E-13  1.39547E-20  7.98713E-28
       1.400700  4.96202E-04  9.99502E-01  1.66493E-06  9.09897E-13  2.30041E-19  2.99055E-26
       1.600800  5.76380E-04  9.99420E-01  3.86917E-06  4.71262E-12  2.48888E-18  6.36595E-25
       1.800900  6.37573E-04  9.99354E-01  8.08905E-06  1.96170E-11  1.92555E-17  8.66315E-24
       2.001001  6.75356E-04  9.99309E-01  1.55072E-05  6.81494E-11  1.12840E-16  8.15498E-23
       2.201101  6.87565E-04  9.99285E-01  2.76298E-05  2.02845E-10  5.21583E-16  5.61203E-22
       2.401201  6.74515E-04  9.99279E-01  4.62087E-05  5.27203E-10  1.95881E-15  2.93949E-21
       2.601301  6.38987E-04  9.99288E-01  7.30842E-05  1.21342E-09  6.11176E-15  1.20806E-20
       2.801401  5.85998E-04  9.99304E-01  1.09951E-04  2.49965E-09  1.61202E-14  3.98908E-20
       3.001501  5.22377E-04  9.99320E-01  1.58071E-04  4.64628E-09  3.64395E-14  1.07867E-19
       3.201601  4.56175E-04  9.99326E-01  2.17959E-04  7.84169E-09  7.13832E-14  2.42611E-19
       3.401701  3.95989E-04  9.99315E-01  2.89104E-04  1.20752E-08  1.22283E-13  4.59790E-19
       3.601801  3.50247E-04  9.99280E-01  3.69746E-04  1.70297E-08  1.84538E-13  7.42165E-19
       3.801901  3.26532E-04  9.99217E-01  4.56783E-04  2.20648E-08  2.46847E-13  1.02971E-18
       4.002001  3.31013E-04  9.99123E-01  5.45824E-04  2.63461E-08  2.94401E-13  1.23890E-18
       4.202101  3.68023E-04  9.99001E-01  6.31413E-04  2.91128E-08  3.15395E-13  1.30688E-18
       4.402201  4.39839E-04  9.98853E-01  7.07427E-04  2.99977E-08  3.07359E-13  1.23012E-18
       4.602301  5.46672E-04  9.98686E-01  7.67603E-04  2.92588E-08  2.79181E-13  1.06701E-18
       4.802401  6.86865E-04  9.98507E-01  8.06187E-04  2.77914E-08  2.47780E-13  9.06931E-19
       5.002501  8.57264E-04  9.98324E-01  8.18628E-04  2.68774E-08  2.32908E-13  8.42558E-19
       5.202601  1.05368E-03  9.98144E-01  8.02272E-04  2.77346E-08  2.55016E-13  9.84188E-19
       5.402701  1.27136E-03  9.97972E-01  7.56981E-04  3.10112E-08  3.37525E-13  1.53443E-18
       5.602801  1.50535E-03  9.97809E-01  6.85605E-04  3.63900E-08  5.07977E-13  2.91629E-18
       5.802901  1.75069E-03  9.97655E-01  5.94249E-04  4.24353E-08  7.87538E-13  5.87988E-18
       6.003002  2.00233E-03  9.97505E-01  4.92290E-04  4.67770E-08  1.16073E-12  1.13353E-17
       6.203102  2.25487E-03  9.97353E-01  3.92110E-04  4.67089E-08  1.53173E-12  1.94567E-17
       6.403202  2.50219E-03  9.97189E-01  3.08597E-04  4.02747E-08  1.70050E-12  2.78573E-17
       6.603302  2.73720E-03  9.97004E-01  2.58485E-04  2.78706E-08  1.42484E-12  3.01452E-17
       6.803402  2.95174E-03  9.96789E-01  2.59718E-04  1.42842E-08  6.54368E-13  1.93415E-17
       7.003502  3.13690E-03  9.96532E-01  3.31005E-04  1.09704E-08  1.32489E-14  4.58098E-18
       7.203602  3.28363E-03  9.96225E-01  4.91692E-04  3.83598E-08  1.57569E-12  5.28715E-17
       7.403702  3.38361E-03  9.95854E-01  7.62009E-04  1.28107E-07  9.96337E-12  3.71270E-16
       7.603802  3.43030E-03  9.95406E-01  1.16365E-03  3.25344E-07  3.38321E-11  1.45317E-15
       7.803902  3.41995E-03  9.94859E-01  1.72057E-03  6.91040E-07  8.79028E-11  4.33137E-15
       8.004002  3.35241E-03  9.94187E-01  2.45968E-03  1.30443E-06  1.95773E-10  1.10130E-14
       8.204102  3.23176E-03  9.93355E-01  3.41133E-03  2.26527E-06  3.93757E-10  2.52140E-14
       8.404202  3.06655E-03  9.92321E-01  4.60914E-03  3.69566E-06  7.35935E-10  5.35599E-14
       8.604302  2.86995E-03  9.91035E-01  6.08907E-03  5.74154E-06  1.30051E-09  1.07464E-13
       8.804402  2.65963E-03  9.89444E-01  7.88752E-03  8.57480E-06  2.19768E-09  2.05938E-13
       9.004502  2.45757E-03  9.87492E-01  1.00385E-02  1.23968E-05  3.57920E-09  3.79613E-13
       9.204602  2.28969E-03  9.85123E-01  1.25694E-02  1.74432E-05  5.64994E-09  6.76224E-13
       9.404702  2.18523E-03  9.82294E-01  1.54967E-02  2.39839E-05  8.67902E-09  1.16737E-12
       9.604802  2.17581E-03  9.78972E-01  1.88197E-02  3.23082E-05  1.30020E-08  1.95467E-12
       9.804902  2.29402E-03  9.75148E-01  2.25153E-02  4.26750E-05  1.89926E-08  3.16906E-12
      10.005003  2.57164E-03  9.70841E-01  2.65322E-02  5.52157E-05  2.69763E-08  4.95146E-12
      10.205103  3.03774E-03  9.66105E-01  3.07872E-02  6.97996E-05  3.70717E-08  7.40367E-12
      10.405203  3.71716E-03  9.61032E-01  3.51651E-02  8.59086E-05  4.90075E-08  1.05170E-11
      10.605303  4.62944E-03  9.55747E-01  3.95213E-02  1.02599E-04  6.20204E-08  1.41160E-11
      10.805403  5.78848E-03  9.50404E-01  4.36890E-02  1.18616E-04  7.49413E-08  1.78648E-11
      11.005503  7.20248E-03  9.45176E-01  4.74890E-02  1.32659E-04  8.64818E-08  2.13513E-11
      11.205603  8.87408E-03  9.40240E-01  5.07417E-02  1.43729E-04  9.56187E-08  2.42170E-11
      11.405703  1.08000E-02  9.35768E-01  5.32806E-02  1.51407E-04  1.01922E-07  2.62788E-11
      11.605803  1.29705E-02  9.31908E-01  5.49656E-02  1.55917E-04  1.05666E-07  2.75871E-11
      11.805903  1.53678E-02  9.28780E-01  5.56940E-02  1.57900E-04  1.07621E-07  2.83763E-11
      12.006003  1.79661E-02  9.26467E-01  5.54087E-02  1.57977E-04  1.08562E-07  2.89094E-11
      12.206103  2.07312E-02  9.25010E-01  5.41023E-02  1.56337E-04  1.08766E-07  2.92922E-11
      12.406203  2.36209E-02  9.24407E-01  5.18192E-02  1.52609E-04  1.07779E-07  2.93712E-11
      12.606303  2.65854E-02  9.24615E-01  4.86533E-02  1.46076E-04  1.04628E-07  2.87901E-11
      12.806403  2.95667E-02  9.25555E-01  4.47425E-02  1.36117E-04  9.83570E-08  2.71851E-11
      13.006503  3.24998E-02  9.27119E-01  4.02580E-02  1.22615E-04  8.85871E-08  2.44038E-11
      13.206603  3.53143E-02  9.29188E-01  3.53912E-02  1.06164E-04  7.58186E-08  2.06250E-11
      13.406703  3.79376E-02  9.31634E-01  3.03399E-02  8.79894E-05  6.13409E-08  1.63173E-11
      13.606803  4.02987E-02  9.34336E-01  2.52955E-02  6.96469E-05  4.68159E-08  1.20649E-11
      13.806903  4.23319E-02  9.37183E-01  2.04329E-02  5.26147E-05  3.37494E-08  8.36308E-12
      14.007004  4.39807E-02  9.40079E-01  1.59026E-02  3.79592E-05  2.30989E-08  5.48442E-12
      14.207104  4.51987E-02  9.42948E-01  1.18268E-02  2.61771E-05  1.51504E-08  3.46059E-12
      14.407204  4.59495E-02  9.45735E-01  8.29874E-03  1.72325E-05  9.63920E-09  2.15255E-12
      14.607304  4.62034E-02  9.48400E-01  5.38587E-03  1.07290E-05  6.00527E-09  1.35338E-12
      14.807404  4.59367E-02  9.50924E-01  3.13316E-03  6.13561E-06  3.65542E-09  8.73635E-13
      15.007504  4.51326E-02  9.53297E-01  1.56726E-03  2.99632E-06  2.14220E-09  5.83783E-13
      15.207604  4.37846E-02  9.55514E-01  7.00244E-04  1.07300E-06  1.23710E-09  4.19887E-13
      15.407704  4.19013E-02  9.57565E-01  5.33359E-04  3.95891E-07  9.34927E-10  3.75044E-13
      15.607804  3.95100E-02  9.59428E-01  1.06072E-03  1.22246E-06  1.42084E-09  4.89547E-13
      15.807904  3.66588E-02  9.61065E-01  2.27246E-03  3.92950E-06  2.99861E-09  8.36165E-13
      16.008004  3.34164E-02  9.62418E-01  4.15679E-03  8.87462E-06  5.98105E-09  1.49610E-12
      16.208104  2.98685E-02  9.63414E-01  6.70104E-03  1.62650E-05  1.05803E-08  2.53502E-12
      16.408204  2.61125E-02  9.63970E-01  9.89174E-03  2.60735E-05  1.68571E-08  3.99707E-12
      16.608304  2.22510E-02  9.63997E-01  1.37140E-02  3.80476E-05  2.47671E-08  5.92641E-12
      16.808404  1.83879E-02  9.63410E-01  1.81501E-02  5.18513E-05  3.42976E-08  8.40915E-12
      17.008504  1.46288E-02  9.62128E-01  2.31762E-02  6.73494E-05  4.56715E-08  1.16259E-11
      17.208604  1.10837E-02  9.60074E-01  2.87577E-02  8.49700E-05  5.96452E-08  1.59409E-11
      17.408704  7.87072E-03  9.57180E-01  3.48435E-02  1.06005E-04  7.79942E-08  2.21183E-11
      17.608804  5.11832E-03  9.53389E-01  4.13600E-02  1.32648E-04  1.04148E-07  3.17585E-11
      17.808904  2.96313E-03  9.48664E-01  4.82051E-02  1.67573E-04  1.43459E-07  4.78062E-11
      18.009005  1.54375E-03  9.43000E-01  5.52428E-02  2.12963E-04  2.02162E-07  7.44898E-11
      18.209105  9.89876E-04  9.36442E-01  6.22988E-02  2.69166E-04  2.84427E-07  1.15852E-10
      18.409205  1.41048E-03  9.29093E-01  6.91628E-02  3.33534E-04  3.88501E-07  1.72926E-10
      18.609305  2.88556E-03  9.21115E-01  7.55983E-02  4.00208E-04  5.04665E-07  2.41444E-10
      18.809405  5.46307E-03  9.12714E-01  8.13605E-02  4.61386E-04  6.17405E-07  3.12431E-10
      19.009505  9.15792E-03  9.04116E-01  8.62153E-02  5.09770E-04  7.10906E-07  3.75465E-10
      19.209605  1.39495E-02  8.95552E-01  8.99571E-02  5.41128E-04  7.74322E-07  4.21951E-10
      19.409705  1.97767E-02  8.87244E-01  9.24225E-02  5.55656E-04  8.04777E-07  4.47280E-10
      19.609805  2.65324E-02  8.79408E-01  9.35014E-02  5.57358E-04  8.08334E-07  4.52926E-10
      19.809905  3.40600E-02  8.72242E-01  9.31452E-02  5.51652E-04  7.97648E-07  4.47055E-10
      20.010005  4.21557E-02  8.65933E-01  9.13679E-02  5.42287E-04  7.84196E-07  4.39132E-10
      20.210105  5.05798E-02  8.60649E-01  8.82410E-02  5.29243E-04  7.68885E-07  4.30488E-10
      20.410205  5.90806E-02  8.56526E-01  8.38835E-02  5.08931E-04  7.40533E-07  4.12056E-10
      20.610305  6.74133E-02  8.53656E-01  7.84538E-02  4.76600E-04  6.85407E-07  3.73682E-10
      20.810405  7.53542E-02  8.52072E-01  7.21439E-02  4.29535E-04  5.99146E-07  3.14841E-10
      21.010505  8.27065E-02  8.51752E-01  6.51719E-02  3.69209E-04  4.90314E-07  2.45084E-10
      21.210605  8.92995E-02  8.52626E-01  5.77731E-02  3.01263E-04  3.74444E-07  1.76280E-10
      21.410705  9.49888E-02  8.54590E-01  5.01876E-02  2.33540E-04  2.66555E-07  1.16919E-10
      21.610805  9.96581E-02  8.57521E-01  4.26474E-02  1.73338E-04  1.77586E-07  7.14380E-11
      21.810905  1.03223E-01  8.61286E-01  3.53659E-02  1.25229E-04  1.13194E-07  4.11227E-11
      22.011006  1.05636E-01  8.65746E-01  2.85273E-02  9.02380E-05  7.28007E-08  2.40903E-11
      22.211106  1.06887E-01  8.70766E-01  2.22800E-02  6.64204E-05  5.03875E-08  1.59044E-11
      22.411206  1.07005E-01  8.76212E-01  1.67324E-02  5.03179E-05  3.80467E-08  1.19499E-11
      22.611306  1.06047E-01  8.81960E-01  1.19544E-02  3.85235E-05  2.98467E-08  9.40836E-12
      22.811406  1.04086E-01  8.87901E-01  7.98340E-03  2.87387E-05  2.31249E-08  7.34932E-12
      23.011506  1.01201E-01  8.93946E-01  4.83336E-03  2.00775E-05  1.73405E-08  5.70624E-12
      23.211606  9.74664E-02  9.00018E-01  2.50293E-03  1.27525E-05  1.26224E-08  4.48407E-12
      23.411706  9.29610E-02  9.06049E-01  9.82131E-04  7.46875E-06  9.21243E-09  3.63875E-12
      23.611806  8.77697E-02  9.11968E-01  2.56984E-04  4.84014E-06  7.37172E-09  3.15449E-12
      23.811906  8.19891E-02  9.17693E-01  3.12773E-04  5.02293E-06  7.16226E-09  3.00946E-12
      24.012006  7.57302E-02  9.23127E-01  1.13553E-03  7.63323E-06  8.26967E-09  3.12586E-12
      24.212106  6.91196E-02  9.28157E-01  2.71162E-03  1.19192E-05  1.01777E-08  3.41019E-12
      24.412206  6.22968E-02  9.32660E-01  5.02577E-03  1.71005E-05  1.24795E-08  3.80821E-12
      24.612306  5.54086E-02  9.36510E-01  8.05856E-03  2.27606E-05  1.49846E-08  4.28762E-12
      24.812406  4.86034E-02  9.39583E-01  1.17839E-02  2.91731E-05  1.78006E-08  4.83932E-12
      25.012506  4.20297E-02  9.41766E-01  1.61665E-02  3.74482E-05  2.17773E-08  5.65400E-12
      25.212606  3.58383E-02  9.42954E-01  2.11586E-02  4.94046E-05  2.90247E-08  7.42717E-12
      25.412706  3.01858E-02  9.43051E-01  2.66963E-02  6.71256E-05  4.26352E-08  1.13769E-11
      25.612806  2.52347E-02  9.41978E-01  3.26953E-02  9.22574E-05  6.54156E-08  1.87848E-11
      25.812906  2.11504E-02  9.39676E-01  3.90481E-02  1.25238E-04  9.86606E-08  3.05164E-11
      26.013007  1.80945E-02  9.36120E-01  4.56211E-02  1.64735E-04  1.41799E-07  4.68865E-11
      26.213107  1.62144E-02  9.31325E-01  5.22524E-02  2.07565E-04  1.92211E-07  6.75357E-11
      26.413207  1.56328E-02  9.25366E-01  5.87514E-02  2.49263E-04  2.44475E-07  9.06156E-11
      26.613307  1.64385E-02  9.18371E-01  6.49046E-02  2.85287E-04  2.90706E-07  1.12213E-10
      26.813407  1.86852E-02  9.10516E-01  7.04861E-02  3.12560E-04  3.24148E-07  1.28268E-10
      27.013507  2.23935E-02  9.02001E-01  7.52748E-02  3.30748E-04  3.44070E-07  1.37951E-10
      27.213607  2.75513E-02  8.93034E-01  7.90720E-02  3.42548E-04  3.56598E-07  1.44535E-10
      27.413707  3.41087E-02  8.83821E-01  8.17173E-02  3.52535E-04  3.70295E-07  1.52586E-10
      27.613807  4.19670E-02  8.74568E-01  8.30998E-02  3.64811E-04  3.91439E-07  1.64980E-10
      27.813907  5.09706E-02  8.65485E-01  8.31637E-02  3.80502E-04  4.22110E-07  1.82775E-10
      28.014007  6.09050E-02  8.56789E-01  8.19089E-02  3.96423E-04  4.58246E-07  2.04438E-10
      28.214107  7.15077E-02  8.48700E-01  7.93864E-02  4.05815E-04  4.87069E-07  2.22606E-10
      28.414207  8.24891E-02  8.41419E-01  7.56905E-02  4.01016E-04  4.90262E-07  2.25350E-10
      28.614307  9.35589E-02  8.35113E-01  7.09509E-02  3.76945E-04  4.55551E-07  2.05308E-10
      28.814407  1.04449E-01  8.29889E-01  6.53279E-02  3.33723E-04  3.86767E-07  1.67119E-10
      29.014507  1.14922E-01  8.25792E-01  5.90091E-02  2.77139E-04  3.01167E-07  1.23281E-10
      29.214607  1.24767E-01  8.22809E-01  5.22070E-02  2.16651E-04  2.17414E-07  8.40924E-11
      29.414707  1.33791E-01  8.20895E-01  4.51518E-02  1.61907E-04  1.47359E-07  5.35968E-11
      29.614807  1.41808E-01  8.19992E-01  3.80800E-02  1.19450E-04  9.65338E-08  3.24463E-11
      29.814907  1.48645E-01  8.20044E-01  3.12196E-02  9.10742E-05  6.65386E-08  2.06688E-11
      30.015008  1.54149E-01  8.21002E-01  2.47746E-02  7.42868E-05  5.43437E-08  1.68846E-11
      30.215108  1.58202E-01  8.22820E-01  1.89133E-02  6.42903E-05  5.20934E-08  1.73154E-11
      30.415208  1.60729E-01  8.25454E-01  1.37608E-02  5.63503E-05  5.10430E-08  1.78086E-11
      30.615308  1.61705E-01  8.28849E-01  9.39845E-03  4.75241E-05  4.64885E-08  1.64746E-11
      30.815408  1.61142E-01  8.32951E-01  5.86951E-03  3.72329E-05  3.87805E-08  1.38550E-11
      31.015508  1.59085E-01  8.37700E-01  3.18905E-03  2.67536E-05  3.05579E-08  1.12346E-11
      31.215608  1.55593E-01  8.43034E-01  1.35502E-03  1.81154E-05  2.39897E-08  9.34244E-12
      31.415708  1.50747E-01  8.48882E-01  3.57426E-04  1.29890E-05  2.00626E-08  8.28469E-12
      31.615808  1.44652E-01  8.55151E-01  1.84692E-04  1.19853E-05  1.88797E-08  7.90624E-12
      31.815908  1.37445E-01  8.61713E-01  8.26914E-04  1.45178E-05  1.97270E-08  7.90012E-12
      32.016008  1.29300E-01  8.68405E-01  2.27631E-03  1.91595E-05  2.12215E-08  7.85315E-12
      32.216108  1.20427E-01  8.75023E-01  4.52508E-03  2.43098E-05  2.21216E-08  7.50846E-12
      32.416208  1.11072E-01  8.81338E-01  7.56133E-03  2.89456E-05  2.22046E-08  6.98977E-12
      32.616308  1.01494E-01  8.87108E-01  1.13641E-02  3.32310E-05  2.22677E-08  6.63906E-12
      32.816408  9.19630E-02  8.92100E-01  1.58984E-02  3.87775E-05  2.36189E-08  6.73891E-12
      33.016508  8.27413E-02  8.96099E-01  2.11113E-02  4.83989E-05  2.83338E-08  7.72523E-12
      33.216608  7.40814E-02  8.98925E-01  2.69281E-02  6.53192E-05  4.01222E-08  1.08639E-11
      33.416708  6.62217E-02  9.00436E-01  3.32503E-02  9.19730E-05  6.36189E-08  1.82354E-11
      33.616808  5.93837E-02  9.00533E-01  3.99545E-02  1.28751E-04  1.01030E-07  3.11671E-11
      33.816908  5.37688E-02  8.99166E-01  4.68916E-02  1.73178E-04  1.49010E-07  4.85352E-11
      34.017009  4.95522E-02  8.96340E-01  5.38873E-02  2.19981E-04  1.99634E-07  6.71561E-11
      34.217109  4.68766E-02  8.92120E-01  6.07414E-02  2.62223E-04  2.44511E-07  8.39390E-11
      34.417209  4.58434E-02  8.86633E-01  6.72301E-02  2.93331E-04  2.77047E-07  9.68114E-11
      34.617309  4.65090E-02  8.80070E-01  7.31111E-02  3.09385E-04  2.91862E-07  1.03372E-10
      34.817409  4.88862E-02  8.72667E-01  7.81353E-02  3.10818E-04  2.86308E-07  1.01176E-10
      35.017509  5.29518E-02  8.64681E-01  8.20640E-02  3.02663E-04  2.65641E-07  9.15321E-11
      35.217609  5.86541E-02  8.56363E-01  8.46897E-02  2.92991E-04  2.44441E-07  8.14100E-11
      35.417709  6.59181E-02  8.47933E-01  8.58583E-02  2.89885E-04  2.38600E-07  7.90777E-11
      35.617809  7.46436E-02  8.39571E-01  8.54872E-02  2.98035E-04  2.55024E-07  8.77719E-11
      35.817909  8.46969E-02  8.31411E-01  8.35755E-02  3.16381E-04  2.89787E-07  1.05058E-10
      36.018009  9.59020E-02  8.23556E-01  8.02036E-02  3.37981E-04  3.33005E-07  1.26760E-10
      36.218109  1.08037E-01  8.16088E-01  7.55226E-02  3.52415E-04  3.70980E-07  1.47426E-10
      36.418209  1.20840E-01  8.09073E-01  6.97366E-02  3.49881E-04  3.86359E-07  1.58195E-10
      36.618309  1.34028E-01  8.02562E-01  6.30844E-02  3.25230E-04  3.65122E-07  1.50491E-10
      36.818409  1.47316E-01  7.96580E-01  5.58235E-02  2.80138E-04  3.07910E-07  1.24393E-10
      37.018509  1.60430E-01  7.91129E-01  4.82186E-02  2.22450E-04  2.31598E-07  8.99273E-11
      37.218609  1.73113E-01  7.86190E-01  4.05336E-02  1.63082E-04  1.57263E-07  5.83566E-11
      37.418709  1.85120E-01  7.81743E-01  3.30248E-02  1.11981E-04  9.80052E-08  3.48625E-11
      37.618809  1.96208E-01  7.77786E-01  2.59314E-02  7.49497E-05  5.76735E-08  1.95058E-11
      37.818909  2.06132E-01  7.74350E-01  1.94657E-02  5.25853E-05  3.57225E-08  1.13850E-11
      38.019010  2.14647E-01  7.71509E-01  1.38022E-02  4.14077E-05  2.91691E-08  9.66323E-12
      38.219110  2.21524E-01  7.69370E-01  9.06907E-03  3.62919E-05  3.19444E-08  1.20985E-11
      38.419210  2.26566E-01  7.68056E-01  5.34505E-03  3.29144E-05  3.67052E-08  1.53067E-11
      38.619310  2.29627E-01  7.67682E-01  2.66201E-03  2.92173E-05  3.88594E-08  1.69803E-11
      38.819410  2.30618E-01  7.68342E-01  1.01436E-03  2.55451E-05  3.83773E-08  1.70382E-11
      39.019510  2.29506E-01  7.70098E-01  3.71948E-04  2.37452E-05  3.80000E-08  1.67477E-11
      39.219610  2.26312E-01  7.72968E-01  6.93264E-04  2.58609E-05  4.05514E-08  1.73709E-11
      39.419710  2.21108E-01  7.76923E-01  1.93602E-03  3.30221E-05  4.75515E-08  1.95462E-11
      39.619810  2.14023E-01  7.81869E-01  4.06365E-03  4.48930E-05  5.87249E-08  2.31470E-11
      39.819910  2.05247E-01  7.87645E-01  7.04736E-03  5.97518E-05  7.16869E-08  2.71627E-11
      40.020010  1.95041E-01  7.94020E-01  1.08637E-02  7.50795E-05  8.25317E-08  2.99494E-11
      40.220110  1.83728E-01  8.00695E-01  1.54886E-02  8.84477E-05  8.79829E-08  3.02656E-11
      40.420210  1.71681E-01  8.07332E-01  2.08888E-02  9.84680E-05  8.77460E-08  2.83772E-11
      40.620310  1.59303E-01  8.13577E-01  2.70138E-02  1.05563E-04  8.47422E-08  2.59056E-11
      40.820410  1.46999E-01  8.19101E-01  3.37878E-02  1.12310E-04  8.30845E-08  2.44856E-11
      41.020510  1.35149E-01  8.23622E-01  4.11060E-02  1.23132E-04  8.66456E-08  2.50292E-11
      41.220610  1.24103E-01  8.26922E-01  4.88314E-02  1.43222E-04  1.00292E-07  2.88742E-11
      41.420710  1.14175E-01  8.28852E-01  5.67957E-02  1.76802E-04  1.31133E-07  3.92461E-11
      41.620810  1.05638E-01  8.29334E-01  6.48028E-02  2.25201E-04  1.85083E-07  5.97798E-11
      41.820910  9.87276E-02  8.28352E-01  7.26342E-02  2.85454E-04  2.59797E-07  9.02210E-11
      42.021011  9.36388E-02  8.25955E-01  8.00561E-02  3.50148E-04  3.42102E-07  1.24454E-10
      42.221111  9.05227E-02  8.22243E-01  8.68248E-02  4.08854E-04  4.14509E-07  1.54277E-10
      42.421211  8.94794E-02  8.17378E-01  9.26914E-02  4.50909E-04  4.63810E-07  1.74562E-10
      42.621311  9.05497E-02  8.11573E-01  9.74076E-02  4.68766E-04  4.82662E-07  1.83139E-10
      42.821411  9.37149E-02  8.05087E-01  1.00737E-01  4.60762E-04  4.67248E-07  1.77529E-10
      43.021511  9.89050E-02  7.98193E-01  1.02470E-01  4.32143E-04  4.20518E-07  1.56989E-10
      43.221611  1.06013E-01  7.91145E-01  1.02448E-01  3.93654E-04  3.58416E-07  1.28365E-10
      43.421711  1.14909E-01  7.84148E-01  1.00584E-01  3.57936E-04  3.05820E-07  1.04720E-10
      43.621811  1.25452E-01  7.77333E-01  9.68796E-02  3.34986E-04  2.81121E-07  9.55249E-11
      43.821911  1.37489E-01  7.70742E-01  9.14399E-02  3.28482E-04  2.86230E-07  1.00561E-10
      44.022011  1.50855E-01  7.64338E-01  8.44726E-02  3.34531E-04  3.11939E-07  1.14690E-10
      44.222111  1.65354E-01  7.58027E-01  7.62754E-02  3.43412E-04  3.46813E-07  1.34154E-10
      44.422211  1.80755E-01  7.51689E-01  6.72116E-02  3.43627E-04  3.76946E-07  1.54216E-10
      44.622311  1.96781E-01  7.45215E-01  5.76774E-02  3.26539E-04  3.84198E-07  1.64906E-10
      44.822411  2.13122E-01  7.38518E-01  4.80701E-02  2.89670E-04  3.55075E-07  1.56369E-10
      45.022511  2.29449E-01  7.31552E-01  3.87613E-02  2.37331E-04  2.92861E-07  1.29058E-10
      45.222611  2.45434E-01  7.24307E-01  3.00800E-02  1.78490E-04  2.16201E-07  9.39061E-11
      45.422711  2.60751E-01  7.16824E-01  2.23027E-02  1.23056E-04  1.44853E-07  6.21036E-11
      45.622811  2.75078E-01  7.09196E-01  1.56476E-02  7.83624E-05  8.90720E-08  3.81743E-11
      45.822911  2.88102E-01  7.01579E-01  1.02717E-02  4.73681E-05  5.05260E-08  2.17558E-11
      46.023012  2.99510E-01  6.94191E-01  6.26960E-03  2.90159E-05  2.74930E-08  1.17187E-11
      46.223112  3.08998E-01  6.87307E-01  3.67569E-03  2.01180E-05  1.71777E-08  7.30200E-12
      46.423212  3.16285E-01  6.81229E-01  2.46915E-03  1.75694E-05  1.62413E-08  7.38789E-12
      46.623312  3.21140E-01  6.76256E-01  2.58342E-03  1.98194E-05  2.20234E-08  1.05590E-11
      46.823412  3.23409E-01  6.72644E-01  3.92002E-03  2.71243E-05  3.34668E-08  1.57192E-11
      47.023512  3.23017E-01  6.70577E-01  6.36491E-03  4.07760E-05  5.06290E-08  2.22890E-11
      47.223612  3.19977E-01  6.70157E-01  9.80413E-03  6.19030E-05  7.38890E-08  3.02433E-11
      47.423712  3.14377E-01  6.71397E-01  1.41357E-02  9.04619E-05  1.03680E-07  4.01348E-11
      47.623812  3.06381E-01  6.74218E-01  1.92761E-02  1.24787E-04  1.39727E-07  5.25008E-11
      47.823912  2.96229E-01  6.78448E-01  2.51611E-02  1.61780E-04  1.79256E-07  6.66372E-11
      48.024012  2.84235E-01  6.83826E-01  3.17409E-02  1.97601E-04  2.16095E-07  7.98504E-11
      48.224112  2.70787E-01  6.90013E-01  3.89712E-02  2.28653E-04  2.42900E-07  8.85078E-11
      48.424212  2.56345E-01  6.96602E-01  4.68000E-02  2.52608E-04  2.55715E-07  9.06989E-11
      48.624312  2.41414E-01  7.03161E-01  5.51550E-02  2.69274E-04  2.56925E-07  8.80377E-11
      48.824412  2.26519E-01  7.09266E-01  6.39333E-02  2.81088E-04  2.53720E-07  8.44647E-11
      49.024512  2.12162E-01  7.14551E-01  7.29938E-02  2.93017E-04  2.54009E-07  8.34100E-11
      49.224612  1.98802E-01  7.18730E-01  8.21563E-02  3.11696E-04  2.64824E-07  8.69629E-11
      49.424712  1.86840E-01  7.21612E-01  9.12033E-02  3.43753E-04  2.94671E-07  9.83639E-11
      49.624812  1.76621E-01  7.23097E-01  9.98879E-02  3.93614E-04  3.54324E-07  1.23904E-10
      49.824912  1.68433E-01  7.23160E-01  1.07945E-01  4.61429E-04  4.50515E-07  1.69271E-10
      50.025013  1.62519E-01  7.21833E-01  1.15105E-01  5.41929E-04  5.76796E-07  2.32676E-10
      50.225113  1.59080E-01  7.19189E-01  1.21105E-01  6.24854E-04  7.12795E-07  3.03367E-10
      50.425213  1.58269E-01  7.15329E-01  1.25704E-01  6.97072E-04  8.34311E-07  3.68470E-10
      50.625313  1.60179E-01  7.10389E-01  1.28685E-01  7.45947E-04  9.22614E-07  4.19421E-10
      50.825413  1.64833E-01  7.04535E-01  1.29868E-01  7.62966E-04  9.64118E-07  4.49417E-10
      51.025513  1.72170E-01  6.97965E-01  1.29118E-01  7.46385E-04  9.48807E-07  4.49386E-10
      51.225613  1.82054E-01  6.90887E-01  1.26356E-01  7.01852E-04  8.78302E-07  4.15420E-10
      51.425713  1.94280E-01  6.83500E-01  1.21579E-01  6.40634E-04  7.74736E-07  3.59765E-10
      51.625813  2.08598E-01  6.75955E-01  1.14869E-01  5.75974E-04  6.72324E-07  3.05697E-10
      51.825913  2.24733E-01  6.68337E-01  1.06411E-01  5.18823E-04  5.95406E-07  2.68789E-10
      52.026013  2.42393E-01  6.60646E-01  9.64864E-02  4.74562E-04  5.47669E-07  2.48598E-10
      52.226113  2.61277E-01  6.52810E-01  8.54707E-02  4.41986E-04  5.21738E-07  2.39207E-10
      52.426213  2.81075E-01  6.44702E-01  7.38075E-02  4.14903E-04  5.10141E-07  2.38880E-10
      52.626313  3.01452E-01  6.36182E-01  6.19795E-02  3.85521E-04  5.03036E-07  2.44868E-10
      52.826413  3.22050E-01  6.27130E-01  5.04713E-02  3.48057E-04  4.84335E-07  2.46337E-10
      53.026513  3.42487E-01  6.17478E-01  3.97338E-02  3.01083E-04  4.40391E-07  2.30924E-10
      53.226613  3.62377E-01  6.07219E-01  3.01553E-02  2.47791E-04  3.72288E-07  1.97315E-10
      53.426713  3.81341E-01  5.96421E-01  2.20427E-02  1.94303E-04  2.94829E-07  1.55887E-10
      53.626813  3.99017E-01  5.85222E-01  1.56138E-02  1.46999E-04  2.23860E-07  1.17815E-10
      53.826913  4.15059E-01  5.73835E-01  1.09957E-02  1.10223E-04  1.67154E-07  8.75717E-11
      54.027014  4.29141E-01  5.62544E-01  8.22892E-03  8.53875E-05  1.25275E-07  6.44578E-11
      54.227114  4.40955E-01  5.51699E-01  7.27471E-03  7.16071E-05  9.65350E-08  4.71525E-11
      54.427214  4.50215E-01  5.41692E-01  8.02628E-03  6.71967E-05  8.01883E-08  3.59399E-11
      54.627314  4.56682E-01  5.32925E-01  1.03227E-02  7.10427E-05  7.70396E-08  3.21285E-11
      54.827414  4.60187E-01  5.25763E-01  1.39662E-02  8.31209E-05  8.81186E-08  3.62433E-11
      55.027514  4.60656E-01  5.20498E-01  1.87416E-02  1.04035E-04  1.12625E-07  4.67229E-11
      55.227614  4.58112E-01  5.17319E-01  2.44350E-02  1.34006E-04  1.47490E-07  6.06310E-11
      55.427714  4.52667E-01  5.16310E-01  3.08505E-02  1.71970E-04  1.89271E-07  7.59089E-11
      55.627814  4.44509E-01  5.17456E-01  3.78195E-02  2.15269E-04  2.35657E-07  9.23710E-11
      55.827914  4.33882E-01  5.20651E-01  4.52063E-02  2.60075E-04  2.84180E-07  1.10105E-10
      56.028014  4.21085E-01  5.25708E-01  5.29049E-02  3.02363E-04  3.29957E-07  1.27379E-10
      56.228114  4.06472E-01  5.32355E-01  6.08333E-02  3.39046E-04  3.66439E-07  1.40741E-10
      56.428214  3.90469E-01  5.40240E-01  6.89217E-02  3.68894E-04  3.89806E-07  1.47741E-10
      56.628314  3.73569E-01  5.48937E-01  7.71011E-02  3.92992E-04  4.02956E-07  1.49869E-10
      56.828414  3.56329E-01  5.57964E-01  8.52917E-02  4.14644E-04  4.14856E-07  1.52380E-10
      57.028514  3.39338E-01  5.66828E-01  9.33946E-02  4.38733E-04  4.35843E-07  1.60990E-10
      57.228614  3.23185E-01  5.75057E-01  1.01287E-01  4.70617E-04  4.73808E-07  1.79285E-10
      57.428714  3.08427E-01  5.82239E-01  1.08820E-01  5.14713E-04  5.34766E-07  2.09864E-10
      57.628814  2.95569E-01  5.88035E-01  1.15822E-01  5.73084E-04  6.25065E-07  2.57335E-10
      57.828914  2.85057E-01  5.92189E-01  1.22109E-01  6.44446E-04  7.49339E-07  3.27642E-10
      58.029015  2.77276E-01  5.94512E-01  1.27487E-01  7.23947E-04  9.03742E-07  4.21883E-10
      58.229115  2.72551E-01  5.94875E-01  1.31768E-01  8.03865E-04  1.07220E-06  5.31360E-10
      58.429215  2.71148E-01  5.93200E-01  1.34776E-01  8.75080E-04  1.23217E-06  6.41161E-10
      58.629315  2.73250E-01  5.89467E-01  1.36352E-01  9.29029E-04  1.36505E-06  7.39259E-10
      58.829415  2.78942E-01  5.83729E-01  1.36368E-01  9.59610E-04  1.45987E-06  8.19635E-10
      59.029515  2.88190E-01  5.76116E-01  1.34728E-01  9.64412E-04  1.50867E-06  8.75344E-10
      59.229615  3.00821E-01  5.66849E-01  1.31383E-01  9.44811E-04  1.50479E-06  8.95146E-10
      59.429715  3.16532E-01  5.56226E-01  1.26335E-01  9.04968E-04  1.44999E-06  8.74086E-10
      59.629815  3.34903E-01  5.44596E-01  1.19649E-01  8.50299E-04  1.35944E-06  8.23155E-10
      59.829915  3.55440E-01  5.32314E-01  1.11459E-01  7.86053E-04  1.25279E-06  7.60167E-10
      60.030015  3.77607E-01  5.19698E-01  1.01977E-01  7.16387E-04  1.14005E-06  6.92451E-10
      60.230115  4.00864E-01  5.07005E-01  9.14864E-02  6.44064E-04  1.02090E-06  6.16686E-10
      60.430215  4.24691E-01  4.94406E-01  8.03310E-02  5.70752E-04  8.96733E-07  5.34250E-10
      60.630315  4.48603E-01  4.81998E-01  6.89011E-02  4.97676E-04  7.76179E-07  4.56078E-10
      60.830415  4.72145E-01  4.69819E-01  5.76090E-02  4.26213E-04  6.66744E-07  3.90653E-10
      61.030515  4.94898E-01  4.57879E-01  4.68648E-02  3.58136E-04  5.67581E-07  3.35210E-10
      61.230615  5.16472E-01  4.46182E-01  3.70497E-02  2.95504E-04  4.74621E-07  2.82574E-10
      61.430715  5.36518E-01  4.34748E-01  2.84935E-02  2.40396E-04  3.89066E-07  2.31943E-10
      61.630815  5.54724E-01  4.23624E-01  2.14574E-02  1.94606E-04  3.16901E-07  1.88567E-10
      61.830915  5.70820E-01  4.12897E-01  1.61233E-02  1.59383E-04  2.62204E-07  1.56079E-10
      62.031016  5.84572E-01  4.02702E-01  1.25905E-02  1.35276E-04  2.24228E-07  1.33286E-10
      62.231116  5.95767E-01  3.93233E-01  1.08769E-02  1.22156E-04  2.00280E-07  1.17295E-10
      62.431216  6.04213E-01  3.84742E-01  1.09258E-02  1.19413E-04  1.89185E-07  1.07280E-10
      62.631316  6.09735E-01  3.77523E-01  1.26156E-02  1.26220E-04  1.91811E-07  1.04888E-10
      62.831416  6.12204E-01  3.71882E-01  1.57715E-02  1.41686E-04  2.08984E-07  1.11654E-10
      63.031516  6.11552E-01  3.68102E-01  2.01808E-02  1.64787E-04  2.38809E-07  1.26109E-10
      63.231616  6.07796E-01  3.66401E-01  2.56080E-02  1.94118E-04  2.76113E-07  1.43645E-10
      63.431716  6.01047E-01  3.66914E-01  3.18108E-02  2.27663E-04  3.15134E-07  1.59851E-10
      63.631816  5.91495E-01  3.69688E-01  3.85543E-02  2.62839E-04  3.52589E-07  1.73612E-10
      63.831916  5.79389E-01  3.74691E-01  4.56221E-02  2.96960E-04  3.87307E-07  1.85974E-10
      64.032016  5.65027E-01  3.81821E-01  5.28242E-02  3.28008E-04  4.17496E-07  1.96699E-10
      64.232116  5.48740E-01  3.90904E-01  6.00005E-02  3.55401E-04  4.40644E-07  2.03694E-10
      64.432216  5.30913E-01  4.01685E-01  6.70209E-02  3.80363E-04  4.57574E-07  2.06528E-10
      64.632316  5.11995E-01  4.13817E-01  7.37821E-02  4.05686E-04  4.75722E-07  2.09899E-10
      64.832416  4.92511E-01  4.26850E-01  8.02038E-02  4.34926E-04  5.06544E-07  2.22135E-10
      65.032516  4.73059E-01  4.40246E-01  8.62227E-02  4.71250E-04  5.58777E-07  2.49508E-10
      65.232616  4.54287E-01  4.53408E-01  9.17873E-02  5.16273E-04  6.34156E-07  2.92648E-10
      65.432716  4.36863E-01  4.65716E-01  9.68516E-02  5.69224E-04  7.28922E-07  3.48563E-10
      65.632816  4.21430E-01  4.76573E-01  1.01370E-01  6.26773E-04  8.37338E-07  4.14570E-10
      65.832916  4.08579E-01  4.85441E-01  1.05296E-01  6.83628E-04  9.51906E-07  4.88221E-10
      66.033017  3.98821E-01  4.91866E-01  1.08578E-01  7.33796E-04  1.06084E-06  5.63002E-10
      66.233117  3.92573E-01  4.95495E-01  1.11158E-01  7.72088E-04  1.14870E-06  6.26914E-10
      66.433217  3.90139E-01  4.96091E-01  1.12974E-01  7.95449E-04  1.20334E-06  6.68746E-10
      66.633317  3.91693E-01  4.93548E-01  1.13954E-01  8.03707E-04  1.22375E-06  6.86834E-10
      66.833417  3.97266E-01  4.87909E-01  1.14024E-01  7.99515E-04  1.22049E-06  6.90510E-10
      67.033517  4.06735E-01  4.79366E-01  1.13110E-01  7.87378E-04  1.20770E-06  6.91586E-10
      67.233617  4.19822E-01  4.68258E-01  1.11146E-01  7.71960E-04  1.19499E-06  6.95748E-10
      67.433717  4.36106E-01  4.55051E-01  1.08086E-01  7.56256E-04  1.18626E-06  7.03520E-10
      67.633817  4.55054E-01  4.40296E-01  1.03909E-01  7.40383E-04  1.18201E-06  7.15037E-10
      67.833917  4.76062E-01  4.24583E-01  9.86322E-02  7.21583E-04  1.17781E-06  7.27953E-10
      68.034017  4.98492E-01  4.08489E-01  9.23215E-02  6.95446E-04  1.16128E-06  7.31734E-10
      68.234117  5.21718E-01  3.92532E-01  8.50910E-02  6.57873E-04  1.11633E-06  7.11199E-10
      68.434217  5.45142E-01  3.77144E-01  7.71054E-02  6.06993E-04  1.03511E-06  6.59937E-10
      68.634317  5.68219E-01  3.62660E-01  6.85761E-02  5.44259E-04  9.24996E-07  5.87002E-10
      68.834417  5.90450E-01  3.49322E-01  5.97535E-02  4.74236E-04  8.02331E-07  5.08050E-10
      69.034517  6.11385E-01  3.37294E-01  5.09168E-02  4.03167E-04  6.81260E-07  4.33127E-10
      69.234617  6.30618E-01  3.26684E-01  4.23605E-02  3.37022E-04  5.70090E-07  3.65081E-10
      69.434717  6.47789E-01  3.17552E-01  3.43782E-02  2.79953E-04  4.74929E-07  3.06253E-10
      69.634817  6.62596E-01  3.09924E-01  2.72461E-02  2.33776E-04  4.01113E-07  2.61090E-10
      69.834917  6.74796E-01  3.03798E-01  2.12080E-02  1.98481E-04  3.50060E-07  2.31614E-10
      70.035018  6.84204E-01  2.99160E-01  1.64620E-02  1.73258E-04  3.17980E-07  2.14589E-10
      70.235118  6.90689E-01  2.96002E-01  1.31519E-02  1.57399E-04  2.99654E-07  2.04945E-10
      70.435218  6.94152E-01  2.94334E-01  1.13630E-02  1.50657E-04  2.92900E-07  2.00669E-10
      70.635318  6.94525E-01  2.94200E-01  1.11211E-02  1.53034E-04  2.99013E-07  2.03701E-10
      70.835418  6.91768E-01  2.95673E-01  1.23945E-02  1.64280E-04  3.19520E-07  2.16473E-10
      71.035518  6.85888E-01  2.98830E-01  1.50986E-02  1.83473E-04  3.52535E-07  2.37679E-10
      71.235618  6.76962E-01  3.03728E-01  1.91010E-02  2.08932E-04  3.91891E-07  2.61273E-10
      71.435718  6.65155E-01  3.10378E-01  2.42285E-02  2.38463E-04  4.30380E-07  2.80399E-10
      71.635818  6.50724E-01  3.18730E-01  3.02761E-02  2.69816E-04  4.64347E-07  2.92938E-10
      71.835918  6.34005E-01  3.28675E-01  3.70180E-02  3.01204E-04  4.94460E-07  3.01768E-10
      72.036018  6.15391E-01  3.40058E-01  4.42192E-02  3.31732E-04  5.21953E-07  3.09214E-10
      72.236118  5.95309E-01  3.52682E-01  5.16476E-02  3.61615E-04  5.46361E-07  3.14094E-10
      72.436218  5.74217E-01  3.66305E-01  5.90853E-02  3.92050E-04  5.68950E-07  3.16096E-10
      72.636318  5.52604E-01  3.80633E-01  6.63376E-02  4.24722E-04  5.96642E-07  3.21077E-10
      72.836418  5.30997E-01  3.95302E-01  7.32393E-02  4.61084E-04  6.38765E-07  3.38238E-10
      73.036518  5.09962E-01  4.09878E-01  7.96581E-02  5.01580E-04  6.98519E-07  3.70710E-10
      73.236618  4.90095E-01  4.23866E-01  8.54936E-02  5.45046E-04  7.69164E-07  4.11549E-10
      73.436718  4.72000E-01  4.36738E-01  9.06727E-02  5.88518E-04  8.39128E-07  4.50254E-10
      73.636818  4.56246E-01  4.47980E-01  9.51448E-02  6.27703E-04  8.98957E-07  4.80691E-10
      73.836918  4.43337E-01  4.57128E-01  9.88764E-02  6.58055E-04  9.42265E-07  5.00891E-10
      74.037019  4.33678E-01  4.63799E-01  1.01846E-01  6.76090E-04  9.62738E-07  5.07598E-10
      74.237119  4.27563E-01  4.67717E-01  1.04039E-01  6.80379E-04  9.54803E-07  4.96026E-10
      74.437219  4.25158E-01  4.68727E-01  1.05442E-01  6.71922E-04  9.19313E-07  4.66408E-10
      74.637319  4.26496E-01  4.66808E-01  1.06041E-01  6.53867E-04  8.66934E-07  4.27759E-10
      74.837419  4.31478E-01  4.62072E-01  1.05819E-01  6.30709E-04  8.13304E-07  3.92719E-10
      75.037519  4.39881E-01  4.54751E-01  1.04760E-01  6.07129E-04  7.69886E-07  3.68623E-10
      75.237619  4.51375E-01  4.45189E-01  1.02848E-01  5.86724E-04  7.39855E-07  3.54809E-10
      75.437719  4.65540E-01  4.33816E-01  1.00072E-01  5.71051E-04  7.21845E-07  3.48210E-10
      75.637819  4.81895E-01  4.21116E-01  9.64290E-02  5.59330E-04  7.14725E-07  3.48473E-10
      75.837919  4.99930E-01  4.07585E-01  9.19356E-02  5.48909E-04  7.16626E-07  3.55982E-10
      76.038019  5.19129E-01  3.93705E-01  8.66292E-02  5.36243E-04  7.20932E-07  3.66984E-10
      76.238119  5.38984E-01  3.79922E-01  8.05754E-02  5.18041E-04  7.17195E-07  3.73853E-10
      76.438219  5.59004E-01  3.66632E-01  7.38702E-02  4.92269E-04  6.98230E-07  3.71458E-10
      76.638319  5.78712E-01  3.54187E-01  6.66416E-02  4.58741E-04  6.65224E-07  3.61582E-10
      76.838419  5.97644E-01  3.42887E-01  5.90494E-02  4.19130E-04  6.24518E-07  3.49463E-10
      77.038519  6.15338E-01  3.33001E-01  5.12832E-02  3.76338E-04  5.80633E-07  3.37259E-10
      77.238619  6.31344E-01  3.24764E-01  4.35576E-02  3.33507E-04  5.34527E-07  3.22900E-10
      77.438719  6.45225E-01  3.18377E-01  3.61041E-02  2.93134E-04  4.87720E-07  3.05235E-10
      77.638819  6.56587E-01  3.13995E-01  2.91610E-02  2.56678E-04  4.44624E-07  2.87622E-10
      77.838919  6.65095E-01  3.11716E-01  2.29634E-02  2.24775E-04  4.09282E-07  2.74441E-10
      78.039020  6.70498E-01  3.11572E-01  1.77312E-02  1.97795E-04  3.81750E-07  2.65902E-10
      78.239120  6.72631E-01  3.13532E-01  1.36599E-02  1.76374E-04  3.59603E-07  2.58690E-10
      78.439220  6.71417E-01  3.17510E-01  1.09110E-02  1.61590E-04  3.42356E-07  2.51071E-10
      78.639320  6.66854E-01  3.23385E-01  9.60616E-03  1.54702E-04  3.33179E-07  2.45785E-10
      78.839420  6.59009E-01  3.31013E-01  9.82101E-03  1.56633E-04  3.36424E-07  2.47749E-10
      79.039520  6.48014E-01  3.40237E-01  1.15814E-02  1.67556E-04  3.53840E-07  2.59279E-10
      79.239620  6.34071E-01  3.50883E-01  1.48595E-02  1.86826E-04  3.82682E-07  2.77382E-10
      79.439720  6.17463E-01  3.62752E-01  1.95714E-02  2.13316E-04  4.17641E-07  2.95955E-10
      79.639820  5.98559E-01  3.75618E-01  2.55768E-02  2.45877E-04  4.55725E-07  3.12033E-10
      79.839920  5.77806E-01  3.89228E-01  3.26824E-02  2.83646E-04  4.99047E-07  3.29387E-10
      80.040020  5.55701E-01  4.03321E-01  4.06507E-02  3.26007E-04  5.51076E-07  3.53168E-10
      80.240120  5.32775E-01  4.17641E-01  4.92113E-02  3.72270E-04  6.10337E-07  3.81751E-10
      80.440220  5.09567E-01  4.31935E-01  5.80760E-02  4.21236E-04  6.70490E-07  4.07984E-10
      80.640320  4.86617E-01  4.45958E-01  6.69540E-02  4.70899E-04  7.27016E-07  4.28509E-10
      80.840420  4.64452E-01  4.59463E-01  7.55663E-02  5.18495E-04  7.79939E-07  4.46929E-10
      81.040520  4.43585E-01  4.72195E-01  8.36586E-02  5.60924E-04  8.27583E-07  4.64799E-10
      81.240620  4.24505E-01  4.83889E-01  9.10099E-02  5.95307E-04  8.61183E-07  4.74225E-10
      81.440720  4.07660E-01  4.94284E-01  9.74364E-02  6.19375E-04  8.70290E-07  4.65155E-10
      81.640820  3.93430E-01  5.03143E-01  1.02794E-01  6.31705E-04  8.52796E-07  4.37375E-10
      81.840920  3.82108E-01  5.10280E-01  1.06979E-01  6.31954E-04  8.16010E-07  4.00247E-10
      82.041021  3.73884E-01  5.15563E-01  1.09931E-01  6.21082E-04  7.68073E-07  3.61643E-10
      82.241121  3.68851E-01  5.18916E-01  1.11631E-01  6.01316E-04  7.12188E-07  3.22343E-10
      82.441221  3.67010E-01  5.20320E-01  1.12094E-01  5.75715E-04  6.50484E-07  2.81912E-10
      82.641321  3.68276E-01  5.19808E-01  1.11368E-01  5.47509E-04  5.89617E-07  2.44501E-10
      82.841421  3.72496E-01  5.17460E-01  1.09524E-01  5.19498E-04  5.38524E-07  2.15992E-10
      83.041521  3.79453E-01  5.13402E-01  1.06650E-01  4.93601E-04  5.01019E-07  1.97680E-10
      83.241621  3.88882E-01  5.07801E-01  1.02846E-01  4.70585E-04  4.73389E-07  1.85367E-10
      83.441721  4.00470E-01  5.00865E-01  9.82144E-02  4.50030E-04  4.49917E-07  1.74695E-10
      83.641821  4.13869E-01  4.92842E-01  9.28580E-02  4.30631E-04  4.28814E-07  1.65307E-10
      83.841921  4.28713E-01  4.83999E-01  8.68766E-02  4.10757E-04  4.11495E-07  1.59189E-10
      84.042021  4.44623E-01  4.74618E-01  8.03696E-02  3.89042E-04  3.97564E-07  1.56591E-10
      84.242121  4.61213E-01  4.64984E-01  7.34385E-02  3.64767E-04  3.83000E-07  1.54836E-10
      84.442221  4.78088E-01  4.55384E-01  6.61897E-02  3.37979E-04  3.64036E-07  1.51174E-10
