# population in each left-qubit level over  time for $\ket{\Psi(t=0)} = \ket{10}$ (integrated over all cavity levels)
#        t [ns]            0            1            2            3            4            5
       0.000000  0.00000E+00  1.00000E+00  0.00000E+00  0.00000E+00  0.00000E+00  0.00000E+00
       0.200100  1.58222E-05  9.99984E-01  5.05422E-12  9.31932E-24  9.78623E-36  6.86032E-48
       0.400200  5.85681E-05  9.99941E-01  5.42142E-10  1.06174E-19  1.16921E-29  8.46463E-40
       0.600300  1.24713E-04  9.99875E-01  6.97197E-09  1.70176E-17  2.24160E-26  1.84955E-35
       0.800400  2.08730E-04  9.99791E-01  4.15919E-08  5.79104E-16  4.11423E-24  1.72285E-32
       1.000500  3.03576E-04  9.99696E-01  1.63819E-07  8.49553E-15  2.10775E-22  2.89700E-30
       1.200600  4.01331E-04  9.99598E-01  4.94274E-07  7.24729E-14  4.75630E-21  1.63733E-28
       1.400700  4.93906E-04  9.99505E-01  1.23340E-06  4.20052E-13  6.01281E-20  4.32510E-27
       1.600800  5.73797E-04  9.99424E-01  2.66122E-06  1.81290E-12  4.91468E-19  6.49182E-26
       1.800900  6.34779E-04  9.99360E-01  5.10484E-06  6.17895E-12  2.84782E-18  6.26378E-25
       2.001001  6.72507E-04  9.99319E-01  8.86705E-06  1.73119E-11  1.24473E-17  4.21500E-24
       2.201101  6.84935E-04  9.99301E-01  1.41227E-05  4.10284E-11  4.28603E-17  2.09243E-23
       2.401201  6.72527E-04  9.99307E-01  2.08063E-05  8.39894E-11  1.19993E-16  7.98036E-23
       2.601301  6.38229E-04  9.99333E-01  2.85276E-05  1.50822E-10  2.79594E-16  2.41024E-22
       2.801401  5.87187E-04  9.99376E-01  3.65567E-05  2.40255E-10  5.51630E-16  5.89641E-22
       3.001501  5.26257E-04  9.99430E-01  4.39062E-05  3.42175E-10  9.32980E-16  1.18793E-21
       3.201601  4.63322E-04  9.99487E-01  4.95148E-05  4.37962E-10  1.36420E-15  1.99427E-21
       3.401701  4.06516E-04  9.99541E-01  5.24957E-05  5.05359E-10  1.73395E-15  2.81238E-21
       3.601801  3.63397E-04  9.99584E-01  5.23883E-05  5.26681E-10  1.92204E-15  3.34906E-21
       3.801901  3.40178E-04  9.99610E-01  4.93328E-05  4.96710E-10  1.86228E-15  3.37978E-21
       4.002001  3.41078E-04  9.99615E-01  4.41056E-05  4.26006E-10  1.58383E-15  2.90386E-21
       4.202101  3.67867E-04  9.99594E-01  3.79875E-05  3.37534E-10  1.19949E-15  2.15317E-21
       4.402201  4.19651E-04  9.99548E-01  3.24916E-05  2.58190E-10  8.49090E-16  1.44774E-21
       4.602301  4.92921E-04  9.99478E-01  2.90251E-05  2.09982E-10  6.40407E-16  1.03096E-21
       4.802401  5.81871E-04  9.99390E-01  2.85899E-05  2.05852E-10  6.29497E-16  1.02238E-21
       5.002501  6.78966E-04  9.99289E-01  3.16284E-05  2.52320E-10  8.52413E-16  1.52092E-21
       5.202601  7.75710E-04  9.99186E-01  3.80715E-05  3.57243E-10  1.39426E-15  2.83219E-21
       5.402701  8.63556E-04  9.99089E-01  4.75837E-05  5.38799E-10  2.48649E-15  5.89152E-21
       5.602801  9.34859E-04  9.99005E-01  5.99298E-05  8.32891E-10  4.65099E-15  1.32053E-20
       5.802901  9.83797E-04  9.98941E-01  7.53401E-05  1.30100E-09  8.95055E-15  3.10880E-20
       6.003002  1.00715E-03  9.98898E-01  9.47462E-05  2.04626E-09  1.74953E-14  7.50561E-20
       6.203102  1.00489E-03  9.98875E-01  1.19789E-04  3.24561E-09  3.45472E-14  1.83269E-19
       6.403202  9.80451E-04  9.98867E-01  1.52579E-04  5.19494E-09  6.87492E-14  4.49620E-19
       6.603302  9.40784E-04  9.98864E-01  1.95270E-04  8.34649E-09  1.36758E-13  1.09603E-18
       6.803402  8.96141E-04  9.98854E-01  2.49580E-04  1.33081E-08  2.67592E-13  2.60155E-18
       7.003502  8.59708E-04  9.98824E-01  3.16391E-04  2.07876E-08  5.05976E-13  5.88515E-18
       7.203602  8.47169E-04  9.98757E-01  3.95519E-04  3.14964E-08  9.13202E-13  1.25184E-17
       7.403702  8.76247E-04  9.98638E-01  4.85678E-04  4.60525E-08  1.56597E-12  2.49612E-17
       7.603802  9.66289E-04  9.98449E-01  5.84606E-04  6.49210E-08  2.55552E-12  4.68760E-17
       7.803902  1.13790E-03  9.98173E-01  6.89307E-04  8.84022E-08  3.98945E-12  8.36321E-17
       8.004002  1.41260E-03  9.97791E-01  7.96370E-04  1.16648E-07  5.99597E-12  1.43101E-16
       8.204102  1.81248E-03  9.97285E-01  9.02406E-04  1.49681E-07  8.72823E-12  2.36765E-16
       8.404202  2.35975E-03  9.96635E-01  1.00462E-03  1.87430E-07  1.23661E-11  3.81060E-16
       8.604302  3.07617E-03  9.95822E-01  1.10158E-03  2.29841E-07  1.71190E-11  5.98935E-16
       8.804402  3.98223E-03  9.94823E-01  1.19404E-03  2.77168E-07  2.32438E-11  9.22116E-16
       9.004502  5.09616E-03  9.93618E-01  1.28569E-03  3.30552E-07  3.11114E-11  1.39606E-15
       9.204602  6.43251E-03  9.92184E-01  1.38341E-03  3.92840E-07  4.13615E-11  2.09235E-15
       9.404702  8.00049E-03  9.90502E-01  1.49657E-03  4.69395E-07  5.51634E-11  3.13536E-15
       9.604802  9.80192E-03  9.88562E-01  1.63530E-03  5.68264E-07  7.45018E-11  4.74536E-15
       9.804902  1.18289E-02  9.86363E-01  1.80753E-03  6.98897E-07  1.02232E-10  7.27929E-15
      10.005003  1.40617E-02  9.83922E-01  2.01550E-03  8.68827E-07  1.41513E-10  1.12144E-14
      10.205103  1.64666E-02  9.81280E-01  2.25283E-03  1.07884E-06  1.94384E-10  1.70041E-14
      10.405203  1.89954E-02  9.78500E-01  2.50343E-03  1.31870E-06  2.59895E-10  2.48030E-14
      10.605303  2.15865E-02  9.75669E-01  2.74324E-03  1.56639E-06  3.32960E-10  3.42045E-14
      10.805403  2.41666E-02  9.72887E-01  2.94492E-03  1.79237E-06  4.04991E-10  4.41992E-14
      11.005503  2.66546E-02  9.70259E-01  3.08432E-03  1.96747E-06  4.66228E-10  5.34238E-14
      11.205603  2.89657E-02  9.67885E-01  3.14721E-03  2.07091E-06  5.08504E-10  6.05550E-14
      11.405703  3.10166E-02  9.65847E-01  3.13411E-03  2.09586E-06  5.27347E-10  6.46530E-14
      11.605803  3.27306E-02  9.64206E-01  3.06162E-03  2.05195E-06  5.23210E-10  6.54102E-14
      11.805903  3.40420E-02  9.62997E-01  2.95923E-03  1.96455E-06  5.02090E-10  6.33612E-14
      12.006003  3.48993E-02  9.62237E-01  2.86209E-03  1.87017E-06  4.75066E-10  5.99715E-14
      12.206103  3.52684E-02  9.61928E-01  2.80193E-03  1.80731E-06  4.55626E-10  5.73115E-14
      12.406203  3.51339E-02  9.62065E-01  2.79903E-03  1.80397E-06  4.54546E-10  5.71699E-14
      12.606303  3.45014E-02  9.62639E-01  2.85743E-03  1.86691E-06  4.74705E-10  6.00562E-14
      12.806403  3.33976E-02  9.63636E-01  2.96415E-03  1.97884E-06  5.09534E-10  6.48832E-14
      13.006503  3.18672E-02  9.65039E-01  3.09224E-03  2.10511E-06  5.46251E-10  6.95851E-14
      13.206603  2.99700E-02  9.66821E-01  3.20689E-03  2.20544E-06  5.71138E-10  7.21025E-14
      13.406703  2.77758E-02  9.68949E-01  3.27346E-03  2.24423E-06  5.73543E-10  7.10533E-14
      13.606803  2.53596E-02  9.71373E-01  3.26535E-03  2.19792E-06  5.47886E-10  6.59664E-14
      13.806903  2.27973E-02  9.74031E-01  3.16996E-03  2.06027E-06  4.94876E-10  5.73520E-14
      14.007004  2.01617E-02  9.76845E-01  2.99139E-03  1.84533E-06  4.21938E-10  4.66377E-14
      14.207104  1.75203E-02  9.79728E-01  2.74992E-03  1.58495E-06  3.41326E-10  3.57222E-14
      14.407204  1.49342E-02  9.82586E-01  2.47842E-03  1.31934E-06  2.65722E-10  2.62354E-14
      14.607304  1.24583E-02  9.85324E-01  2.21653E-03  1.08464E-06  2.03890E-10  1.90053E-14
      14.807404  1.01418E-02  9.87854E-01  2.00334E-03  9.05251E-07  1.59354E-10  1.40841E-14
      15.007504  8.02802E-03  9.90101E-01  1.87009E-03  7.94313E-07  1.32379E-10  1.11796E-14
      15.207604  6.15479E-03  9.92010E-01  1.83451E-03  7.58346E-07  1.22671E-10  1.00637E-14
      15.407704  4.55406E-03  9.93547E-01  1.89804E-03  7.98592E-07  1.30152E-10  1.06649E-14
      15.607804  3.25255E-03  9.94700E-01  2.04617E-03  9.07476E-07  1.53531E-10  1.28704E-14
      15.807904  2.27253E-03  9.95475E-01  2.25146E-03  1.06539E-06  1.88739E-10  1.63106E-14
      16.008004  1.63290E-03  9.95888E-01  2.47832E-03  1.24345E-06  2.29358E-10  2.03842E-14
      16.208104  1.35045E-03  9.95959E-01  2.68869E-03  1.41186E-06  2.68984E-10  2.45142E-14
      16.408204  1.44121E-03  9.95709E-01  2.84852E-03  1.54855E-06  3.03634E-10  2.84153E-14
      16.608304  1.92187E-03  9.95142E-01  2.93437E-03  1.64262E-06  3.32367E-10  3.21576E-14
      16.808404  2.81103E-03  9.94248E-01  2.93949E-03  1.69224E-06  3.55808E-10  3.59671E-14
      17.008504  4.12952E-03  9.92991E-01  2.87812E-03  1.70157E-06  3.74193E-10  3.99215E-14
      17.208604  5.89955E-03  9.91312E-01  2.78654E-03  1.68351E-06  3.87576E-10  4.38519E-14
      17.408704  8.14246E-03  9.89136E-01  2.71953E-03  1.67097E-06  4.00609E-10  4.79211E-14
      17.608804  1.08752E-02  9.86381E-01  2.74194E-03  1.73050E-06  4.32104E-10  5.44318E-14
      17.808904  1.41054E-02  9.82977E-01  2.91544E-03  1.96407E-06  5.24418E-10  7.07264E-14
      18.009005  1.78255E-02  9.78890E-01  3.28224E-03  2.48714E-06  7.42879E-10  1.11331E-13
      18.209105  2.20064E-02  9.74141E-01  3.84931E-03  3.38435E-06  1.15710E-09  1.96108E-13
      18.409205  2.65935E-02  9.68823E-01  4.57882E-03  4.66040E-06  1.80694E-09  3.42509E-13
      18.609305  3.15065E-02  9.63097E-01  5.39003E-03  6.21408E-06  2.67217E-09  5.55396E-13
      18.809405  3.66436E-02  9.57174E-01  6.17439E-03  7.85562E-06  3.66841E-09  8.21958E-13
      19.009505  4.18871E-02  9.51284E-01  6.81993E-03  9.35739E-06  4.66937E-09  1.11394E-12
      19.209605  4.71096E-02  9.45642E-01  7.23780E-03  1.05041E-05  5.53111E-09  1.39127E-12
      19.409705  5.21786E-02  9.40427E-01  7.38325E-03  1.11245E-05  6.10532E-09  1.60311E-12
      19.609805  5.69611E-02  9.35762E-01  7.26556E-03  1.11255E-05  6.26409E-09  1.69438E-12
      19.809905  6.13271E-02  9.31719E-01  6.94383E-03  1.05402E-05  5.96205E-09  1.63113E-12
      20.010005  6.51527E-02  9.28328E-01  6.50942E-03  9.55352E-06  5.30038E-09  1.43465E-12
      20.210105  6.83225E-02  9.25609E-01  6.06043E-03  8.45255E-06  4.50851E-09  1.18311E-12
      20.410205  7.07353E-02  9.23580E-01  5.67714E-03  7.50680E-06  3.82294E-09  9.63430E-13
      20.610305  7.23102E-02  9.22277E-01  5.40623E-03  6.85413E-06  3.35528E-09  8.14429E-13
      20.810405  7.29959E-02  9.21742E-01  5.25579E-03  6.47219E-06  3.06918E-09  7.20224E-13
      21.010505  7.27773E-02  9.22016E-01  5.20011E-03  6.24763E-06  2.86679E-09  6.47786E-13
      21.210605  7.16777E-02  9.23126E-01  5.19051E-03  6.06602E-06  2.67540E-09  5.77480E-13
      21.410705  6.97545E-02  9.25071E-01  5.16901E-03  5.84643E-06  2.46513E-09  5.05556E-13
      21.610805  6.70924E-02  9.27820E-01  5.08191E-03  5.52554E-06  2.21761E-09  4.30634E-13
      21.810905  6.37954E-02  9.31308E-01  4.89123E-03  5.05069E-06  1.91274E-09  3.49384E-13
      22.011006  5.99785E-02  9.35435E-01  4.58176E-03  4.40772E-06  1.55233E-09  2.63870E-13
      22.211106  5.57600E-02  9.40074E-01  4.16271E-03  3.64729E-06  1.17436E-09  1.83650E-13
      22.411206  5.12555E-02  9.45077E-01  3.66492E-03  2.86808E-06  8.32754E-10  1.18979E-13
      22.611306  4.65739E-02  9.50289E-01  3.13494E-03  2.16568E-06  5.64298E-10  7.39299E-14
      22.811406  4.18168E-02  9.55554E-01  2.62722E-03  1.59288E-06  3.73385E-10  4.55313E-14
      23.011506  3.70790E-02  9.60725E-01  2.19509E-03  1.16039E-06  2.44577E-10  2.82548E-14
      23.211606  3.24483E-02  9.65669E-01  1.88164E-03  8.63549E-07  1.62238E-10  1.80027E-14
      23.411706  2.80051E-02  9.70282E-01  1.71221E-03  7.00985E-07  1.18053E-10  1.26589E-14
      23.611806  2.38215E-02  9.74488E-01  1.69035E-03  6.69150E-07  1.07638E-10  1.11945E-14
      23.811906  1.99617E-02  9.78239E-01  1.79808E-03  7.47140E-07  1.23837E-10  1.25719E-14
      24.012006  1.64833E-02  9.81516E-01  1.99957E-03  8.94617E-07  1.55045E-10  1.54011E-14
      24.212106  1.34388E-02  9.84313E-01  2.24744E-03  1.06716E-06  1.90408E-10  1.85695E-14
      24.412206  1.08774E-02  9.86631E-01  2.49039E-03  1.23276E-06  2.24177E-10  2.16339E-14
      24.612306  8.84631E-03  9.88471E-01  2.68180E-03  1.37374E-06  2.55188E-10  2.46903E-14
      24.812406  7.39297E-03  9.89817E-01  2.78825E-03  1.47644E-06  2.82864E-10  2.79174E-14
      25.012506  6.56573E-03  9.90636E-01  2.79660E-03  1.52463E-06  3.03215E-10  3.09684E-14
      25.212606  6.41412E-03  9.90867E-01  2.71786E-03  1.50726E-06  3.10488E-10  3.30662E-14
      25.412706  6.98744E-03  9.90424E-01  2.58668E-03  1.43442E-06  3.03246E-10  3.37178E-14
      25.612806  8.33170E-03  9.89211E-01  2.45596E-03  1.34588E-06  2.88760E-10  3.33779E-14
      25.812906  1.04851E-02  9.87126E-01  2.38714E-03  1.30366E-06  2.83820E-10  3.39161E-14
      26.013007  1.34721E-02  9.84089E-01  2.43718E-03  1.37535E-06  3.11132E-10  3.85732E-14
      26.213107  1.72976E-02  9.80056E-01  2.64442E-03  1.62032E-06  3.95093E-10  5.15290E-14
      26.413207  2.19401E-02  9.75041E-01  3.01658E-03  2.08010E-06  5.60924E-10  7.82494E-14
      26.613307  2.73486E-02  9.69124E-01  3.52503E-03  2.76344E-06  8.28337E-10  1.24725E-13
      26.813407  3.34404E-02  9.62448E-01  4.10827E-03  3.62599E-06  1.19677E-09  1.94183E-13
      27.013507  4.01029E-02  9.55208E-01  4.68456E-03  4.56417E-06  1.63442E-09  2.83822E-13
      27.213607  4.71954E-02  9.47629E-01  5.17021E-03  5.43926E-06  2.08109E-09  3.83276E-13
      27.413707  5.45523E-02  9.39943E-01  5.49813E-03  6.11852E-06  2.46632E-09  4.77116E-13
      27.613807  6.19867E-02  9.32375E-01  5.63161E-03  6.50394E-06  2.72636E-09  5.48658E-13
      27.813907  6.92939E-02  9.25130E-01  5.57001E-03  6.54257E-06  2.80924E-09  5.80816E-13
      28.014007  7.62586E-02  9.18390E-01  5.34564E-03  6.23725E-06  2.68935E-09  5.61574E-13
      28.214107  8.26627E-02  9.12318E-01  5.01335E-03  5.66342E-06  2.39479E-09  4.94609E-13
      28.414207  8.82968E-02  9.07062E-01  4.63652E-03  4.96359E-06  2.01306E-09  4.02822E-13
      28.614307  9.29730E-02  9.02749E-01  4.27381E-03  4.29658E-06  1.65179E-09  3.16287E-13
      28.814407  9.65397E-02  8.99487E-01  3.96981E-03  3.76880E-06  1.37772E-09  2.52632E-13
      29.014507  9.88940E-02  8.97352E-01  3.75075E-03  3.40473E-06  1.19419E-09  2.10907E-13
      29.214607  9.99897E-02  8.96383E-01  3.62402E-03  3.17735E-06  1.07447E-09  1.83057E-13
      29.414707  9.98380E-02  8.96579E-01  3.57988E-03  3.05589E-06  9.99004E-10  1.64146E-13
      29.614807  9.85017E-02  8.97901E-01  3.59457E-03  3.01788E-06  9.60384E-10  1.52769E-13
      29.814907  9.60844E-02  9.00278E-01  3.63477E-03  3.02614E-06  9.44850E-10  1.46373E-13
      30.015008  9.27191E-02  9.03614E-01  3.66347E-03  3.01668E-06  9.21739E-10  1.38722E-13
      30.215108  8.85553E-02  9.07795E-01  3.64662E-03  2.92466E-06  8.61903E-10  1.24584E-13
      30.415208  8.37489E-02  9.12689E-01  3.55943E-03  2.72376E-06  7.60944E-10  1.04432E-13
      30.615308  7.84530E-02  9.18153E-01  3.39149E-03  2.43678E-06  6.38073E-10  8.27052E-14
      30.815408  7.28134E-02  9.24035E-01  3.14979E-03  2.11010E-06  5.17361E-10  6.36584E-14
      31.015508  6.69660E-02  9.30174E-01  2.85842E-03  1.78201E-06  4.11527E-10  4.87104E-14
      31.215608  6.10362E-02  9.36408E-01  2.55435E-03  1.47441E-06  3.21399E-10  3.70647E-14
      31.415708  5.51385E-02  9.42580E-01  2.28013E-03  1.20616E-06  2.46543E-10  2.79274E-14
      31.615808  4.93760E-02  9.48548E-01  2.07540E-03  1.00447E-06  1.91318E-10  2.13890E-14
      31.815908  4.38411E-02  9.54189E-01  1.96927E-03  8.98068E-07  1.62262E-10  1.79743E-14
      32.016008  3.86167E-02  9.59407E-01  1.97525E-03  8.99494E-07  1.62011E-10  1.78515E-14
      32.216108  3.37789E-02  9.64131E-01  2.08895E-03  9.96029E-07  1.85595E-10  2.03187E-14
      32.416208  2.93988E-02  9.68311E-01  2.28870E-03  1.15817E-06  2.23936E-10  2.42709E-14
      32.616308  2.55455E-02  9.71914E-01  2.53912E-03  1.35592E-06  2.70235E-10  2.90754E-14
      32.816408  2.22873E-02  9.74914E-01  2.79708E-03  1.56661E-06  3.21549E-10  3.46763E-14
      33.016508  1.96932E-02  9.77286E-01  3.01933E-03  1.76912E-06  3.75747E-10  4.11386E-14
      33.216608  1.78331E-02  9.78995E-01  3.17041E-03  1.93543E-06  4.27107E-10  4.80406E-14
      33.416708  1.67761E-02  9.79992E-01  3.22950E-03  2.03382E-06  4.65344E-10  5.40965E-14
      33.616808  1.65879E-02  9.80215E-01  3.19507E-03  2.04527E-06  4.81733E-10  5.79787E-14
      33.816908  1.73265E-02  9.79585E-01  3.08615E-03  1.97868E-06  4.75874E-10  5.92806E-14
      34.017009  1.90367E-02  9.78022E-01  2.93952E-03  1.86966E-06  4.56101E-10  5.86869E-14
      34.217109  2.17444E-02  9.75451E-01  2.80263E-03  1.76465E-06  4.35129E-10  5.76116E-14
      34.417209  2.54499E-02  9.71825E-01  2.72336E-03  1.70730E-06  4.25149E-10  5.75559E-14
      34.617309  3.01222E-02  9.67137E-01  2.73896E-03  1.73728E-06  4.38651E-10  6.02838E-14
      34.817409  3.56952E-02  9.61436E-01  2.86707E-03  1.89118E-06  4.92568E-10  6.89131E-14
      35.017509  4.20655E-02  9.54831E-01  3.10103E-03  2.18951E-06  6.02422E-10  8.70223E-14
      35.217609  4.90926E-02  9.47494E-01  3.41077E-03  2.61492E-06  7.69047E-10  1.15912E-13
      35.417709  5.66022E-02  9.39646E-01  3.74901E-03  3.10650E-06  9.72399E-10  1.53029E-13
      35.617809  6.43910E-02  9.31544E-01  4.06140E-03  3.58184E-06  1.17854E-09  1.92486E-13
      35.817909  7.22336E-02  9.23465E-01  4.29764E-03  3.96679E-06  1.35503E-09  2.27987E-13
      36.018009  7.98897E-02  9.15685E-01  4.42110E-03  4.20569E-06  1.47603E-09  2.54107E-13
      36.218109  8.71143E-02  9.08467E-01  4.41479E-03  4.25614E-06  1.51565E-09  2.64420E-13
      36.418209  9.36683E-02  9.02044E-01  4.28327E-03  4.09639E-06  1.45467E-09  2.53673E-13
      36.618309  9.93325E-02  8.96613E-01  4.05083E-03  3.75082E-06  1.30096E-09  2.23146E-13
      36.818409  1.03920E-01  8.92320E-01  3.75681E-03  3.30048E-06  1.09802E-09  1.82665E-13
      37.018509  1.07291E-01  8.89257E-01  3.44915E-03  2.85184E-06  9.03831E-10  1.45225E-13
      37.218609  1.09358E-01  8.87463E-01  3.17661E-03  2.48576E-06  7.55202E-10  1.17962E-13
      37.418709  1.10096E-01  8.86921E-01  2.98054E-03  2.23546E-06  6.57547E-10  1.00585E-13
      37.618809  1.09535E-01  8.87576E-01  2.88748E-03  2.10667E-06  6.04557E-10  9.07697E-14
      37.818909  1.07757E-01  8.89337E-01  2.90418E-03  2.10272E-06  5.95265E-10  8.79304E-14
      38.019010  1.04885E-01  8.92096E-01  3.01621E-03  2.21868E-06  6.30356E-10  9.23252E-14
      38.219110  1.01069E-01  8.95738E-01  3.19064E-03  2.41656E-06  6.95379E-10  1.01335E-13
      38.419210  9.64721E-02  9.00143E-01  3.38248E-03  2.62231E-06  7.57502E-10  1.08930E-13
      38.619310  9.12588E-02  9.05194E-01  3.54409E-03  2.75919E-06  7.86158E-10  1.10241E-13
      38.819410  8.55869E-02  9.10775E-01  3.63544E-03  2.78742E-06  7.72477E-10  1.04901E-13
      39.019510  7.96025E-02  9.16762E-01  3.63276E-03  2.71302E-06  7.28063E-10  9.58469E-14
      39.219610  7.34382E-02  9.23026E-01  3.53313E-03  2.56319E-06  6.69081E-10  8.61172E-14
      39.419710  6.72122E-02  9.29431E-01  3.35406E-03  2.35990E-06  6.02531E-10  7.65650E-14
      39.619810  6.10291E-02  9.35840E-01  3.12880E-03  2.11814E-06  5.27983E-10  6.65190E-14
      39.819910  5.49811E-02  9.42118E-01  2.89902E-03  1.86314E-06  4.49046E-10  5.60378E-14
      40.020010  4.91507E-02  9.48141E-01  2.70669E-03  1.63971E-06  3.78771E-10  4.66995E-14
      40.220110  4.36134E-02  9.53799E-01  2.58644E-03  1.49803E-06  3.34153E-10  4.08065E-14
      40.420210  3.84400E-02  9.58999E-01  2.55965E-03  1.46755E-06  3.25193E-10  3.97229E-14
      40.620310  3.36994E-02  9.63668E-01  2.63118E-03  1.54367E-06  3.48630E-10  4.28723E-14
      40.820410  2.94604E-02  9.67749E-01  2.78912E-03  1.69891E-06  3.93778E-10  4.87285E-14
      41.020510  2.57943E-02  9.71197E-01  3.00729E-03  1.90587E-06  4.53307E-10  5.65350E-14
      41.220610  2.27746E-02  9.73973E-01  3.24990E-03  2.14796E-06  5.26570E-10  6.66843E-14
      41.420710  2.04771E-02  9.76043E-01  3.47765E-03  2.40783E-06  6.13590E-10  7.97449E-14
      41.620810  1.89768E-02  9.77366E-01  3.65446E-03  2.64968E-06  7.05283E-10  9.48682E-14
      41.820910  1.83437E-02  9.77899E-01  3.75429E-03  2.82183E-06  7.80855E-10  1.08818E-13
      42.021011  1.86376E-02  9.77593E-01  3.76651E-03  2.88478E-06  8.20111E-10  1.17818E-13
      42.221111  1.99022E-02  9.76397E-01  3.69828E-03  2.83857E-06  8.18546E-10  1.20324E-13
      42.421211  2.21584E-02  9.74266E-01  3.57288E-03  2.72041E-06  7.88684E-10  1.17798E-13
      42.621311  2.53977E-02  9.71175E-01  3.42428E-03  2.57645E-06  7.48155E-10  1.13081E-13
      42.821411  2.95768E-02  9.67131E-01  3.28968E-03  2.44110E-06  7.07745E-10  1.07862E-13
      43.021511  3.46145E-02  9.62181E-01  3.20170E-03  2.34347E-06  6.75117E-10  1.03102E-13
      43.221611  4.03909E-02  9.56425E-01  3.18184E-03  2.32091E-06  6.67053E-10  1.01955E-13
      43.421711  4.67492E-02  9.50012E-01  3.23633E-03  2.40808E-06  7.04194E-10  1.08932E-13
      43.621811  5.35011E-02  9.43141E-01  3.35553E-03  2.60566E-06  7.91429E-10  1.25619E-13
      43.821911  6.04344E-02  9.36046E-01  3.51682E-03  2.86893E-06  9.09041E-10  1.48506E-13
      44.022011  6.73225E-02  9.28984E-01  3.69013E-03  3.13670E-06  1.02662E-09  1.71361E-13
      44.222111  7.39346E-02  9.22218E-01  3.84433E-03  3.36843E-06  1.12722E-09  1.90807E-13
      44.422211  8.00457E-02  9.15998E-01  3.95280E-03  3.54580E-06  1.20829E-09  2.06966E-13
      44.622311  8.54465E-02  9.10553E-01  3.99731E-03  3.64557E-06  1.26010E-09  2.17936E-13
      44.822411  8.99534E-02  9.06073E-01  3.97041E-03  3.63334E-06  1.26104E-09  2.18697E-13
      45.022511  9.34187E-02  9.02701E-01  3.87673E-03  3.49675E-06  1.20047E-09  2.06573E-13
      45.222611  9.57403E-02  9.00523E-01  3.73304E-03  3.27446E-06  1.09956E-09  1.86327E-13
      45.422711  9.68669E-02  8.99564E-01  3.56607E-03  3.03632E-06  9.97908E-10  1.66900E-13
      45.622811  9.67998E-02  8.99789E-01  3.40794E-03  2.83505E-06  9.18821E-10  1.52629E-13
      45.822911  9.55907E-02  9.01117E-01  3.29003E-03  2.68724E-06  8.60723E-10  1.41982E-13
      46.023012  9.33349E-02  9.03426E-01  3.23666E-03  2.59875E-06  8.18777E-10  1.33205E-13
      46.223112  9.01627E-02  9.06575E-01  3.25963E-03  2.58925E-06  8.02021E-10  1.28089E-13
      46.423212  8.62259E-02  9.10417E-01  3.35475E-03  2.67711E-06  8.24226E-10  1.29883E-13
      46.623312  8.16843E-02  9.14811E-01  3.50184E-03  2.84437E-06  8.79560E-10  1.37520E-13
      46.823412  7.66938E-02  9.19634E-01  3.66904E-03  3.03083E-06  9.38422E-10  1.45042E-13
      47.023512  7.13992E-02  9.24777E-01  3.82062E-03  3.17004E-06  9.71609E-10  1.47344E-13
      47.223612  6.59302E-02  9.30141E-01  3.92556E-03  3.22985E-06  9.71328E-10  1.43986E-13
      47.423712  6.04005E-02  9.35632E-01  3.96429E-03  3.21736E-06  9.48991E-10  1.37929E-13
      47.623812  5.49078E-02  9.41157E-01  3.93204E-03  3.15157E-06  9.17630E-10  1.31865E-13
      47.823912  4.95362E-02  9.46622E-01  3.83879E-03  3.03962E-06  8.78223E-10  1.25700E-13
      48.024012  4.43581E-02  9.51933E-01  3.70630E-03  2.88156E-06  8.24219E-10  1.17640E-13
      48.224112  3.94381E-02  9.56996E-01  3.56308E-03  2.69234E-06  7.56211E-10  1.07269E-13
      48.424212  3.48348E-02  9.61724E-01  3.43842E-03  2.51246E-06  6.88595E-10  9.66851E-14
      48.624312  3.06034E-02  9.66037E-01  3.35699E-03  2.39263E-06  6.43016E-10  8.95129E-14
      48.824412  2.67968E-02  9.69866E-01  3.33500E-03  2.36574E-06  6.34452E-10  8.84598E-14
      49.024512  2.34682E-02  9.73151E-01  3.37860E-03  2.43208E-06  6.62262E-10  9.35048E-14
      49.224612  2.06723E-02  9.75841E-01  3.48392E-03  2.57118E-06  7.16710E-10  1.03099E-13
      49.424712  1.84667E-02  9.77892E-01  3.63852E-03  2.76686E-06  7.92820E-10  1.16725E-13
      49.624812  1.69107E-02  9.79263E-01  3.82374E-03  3.01829E-06  8.95648E-10  1.35888E-13
      49.824912  1.60637E-02  9.79915E-01  4.01813E-03  3.32441E-06  1.03260E-09  1.62934E-13
      50.025013  1.59814E-02  9.79814E-01  4.20136E-03  3.65973E-06  1.19758E-09  1.97845E-13
      50.225113  1.67113E-02  9.78927E-01  4.35777E-03  3.97364E-06  1.36390E-09  2.35408E-13
      50.425213  1.82867E-02  9.77231E-01  4.47843E-03  4.22132E-06  1.50166E-09  2.68343E-13
      50.625313  2.07195E-02  9.74715E-01  4.56113E-03  4.39545E-06  1.60264E-09  2.93675E-13
      50.825413  2.39936E-02  9.71393E-01  4.60856E-03  4.52118E-06  1.68223E-09  3.14628E-13
      51.025513  2.80579E-02  9.67312E-01  4.62569E-03  4.61785E-06  1.75474E-09  3.35240E-13
      51.225613  3.28235E-02  9.62555E-01  4.61728E-03  4.67413E-06  1.80966E-09  3.52683E-13
      51.425713  3.81626E-02  9.57246E-01  4.58673E-03  4.66852E-06  1.82533E-09  3.60163E-13
      51.625813  4.39116E-02  9.51547E-01  4.53639E-03  4.60750E-06  1.80484E-09  3.58035E-13
      51.825913  4.98777E-02  9.45649E-01  4.46909E-03  4.52671E-06  1.77634E-09  3.54213E-13
      52.026013  5.58487E-02  9.39757E-01  4.39000E-03  4.45109E-06  1.75781E-09  3.53597E-13
      52.226113  6.16041E-02  9.34084E-01  4.30769E-03  4.37090E-06  1.73662E-09  3.52057E-13
      52.426213  6.69280E-02  9.28834E-01  4.23367E-03  4.27111E-06  1.69258E-09  3.42839E-13
      52.626313  7.16206E-02  9.24195E-01  4.17981E-03  4.17338E-06  1.63765E-09  3.28914E-13
      52.826413  7.55080E-02  9.20334E-01  4.15419E-03  4.12631E-06  1.61009E-09  3.21568E-13
      53.026513  7.84496E-02  9.17389E-01  4.15731E-03  4.15106E-06  1.62733E-09  3.25884E-13
      53.226613  8.03453E-02  9.15469E-01  4.18118E-03  4.21400E-06  1.66532E-09  3.35151E-13
      53.426713  8.11408E-02  9.14643E-01  4.21187E-03  4.26262E-06  1.68746E-09  3.39392E-13
      53.626813  8.08310E-02  9.14930E-01  4.23442E-03  4.27522E-06  1.68396E-09  3.36592E-13
      53.826913  7.94588E-02  9.16299E-01  4.23789E-03  4.26207E-06  1.66950E-09  3.31560E-13
      54.027014  7.71114E-02  9.18665E-01  4.21891E-03  4.22825E-06  1.64868E-09  3.25414E-13
      54.227114  7.39137E-02  9.21900E-01  4.18260E-03  4.15835E-06  1.60650E-09  3.13778E-13
      54.427214  7.00179E-02  9.25838E-01  4.13998E-03  4.04377E-06  1.53200E-09  2.93607E-13
      54.627314  6.55918E-02  9.30301E-01  4.10282E-03  3.90917E-06  1.43969E-09  2.68621E-13
      54.827414  6.08052E-02  9.35113E-01  4.07845E-03  3.79653E-06  1.35984E-09  2.46934E-13
      55.027514  5.58192E-02  9.40110E-01  4.06715E-03  3.72459E-06  1.30636E-09  2.32048E-13
      55.227614  5.07796E-02  9.45154E-01  4.06319E-03  3.67363E-06  1.26607E-09  2.20565E-13
      55.427714  4.58134E-02  9.50125E-01  4.05830E-03  3.61209E-06  1.22039E-09  2.08369E-13
      55.627814  4.10291E-02  9.54921E-01  4.04592E-03  3.53163E-06  1.16658E-09  1.95101E-13
      55.827914  3.65179E-02  9.59454E-01  4.02459E-03  3.45217E-06  1.11845E-09  1.83939E-13
      56.028014  3.23571E-02  9.63640E-01  3.99939E-03  3.39735E-06  1.08989E-09  1.77806E-13
      56.228114  2.86123E-02  9.67403E-01  3.98108E-03  3.37293E-06  1.08020E-09  1.76111E-13
      56.428214  2.53406E-02  9.70673E-01  3.98299E-03  3.37159E-06  1.07915E-09  1.76034E-13
      56.628314  2.25915E-02  9.73388E-01  4.01709E-03  3.39503E-06  1.08295E-09  1.76229E-13
      56.828414  2.04087E-02  9.75497E-01  4.09056E-03  3.46566E-06  1.10272E-09  1.78764E-13
      57.028514  1.88311E-02  9.76961E-01  4.20401E-03  3.61283E-06  1.15857E-09  1.88331E-13
      57.228614  1.78947E-02  9.77750E-01  4.35128E-03  3.84664E-06  1.26242E-09  2.08506E-13
      57.428714  1.76337E-02  9.77841E-01  4.52077E-03  4.14599E-06  1.40696E-09  2.38628E-13
      57.628814  1.80808E-02  9.77217E-01  4.69803E-03  4.47429E-06  1.57486E-09  2.75806E-13
      57.828914  1.92675E-02  9.75858E-01  4.86927E-03  4.80893E-06  1.75742E-09  3.19015E-13
      58.029015  2.12218E-02  9.73748E-01  5.02526E-03  5.15510E-06  1.96353E-09  3.71459E-13
      58.229115  2.39651E-02  9.70865E-01  5.16407E-03  5.52927E-06  2.21023E-09  4.38918E-13
      58.429215  2.75073E-02  9.67195E-01  5.29170E-03  5.93121E-06  2.49867E-09  5.23069E-13
      58.629315  3.18398E-02  9.62734E-01  5.42001E-03  6.34093E-06  2.80456E-09  6.16570E-13
      58.829415  3.69281E-02  9.57503E-01  5.56216E-03  6.74983E-06  3.10737E-09  7.11254E-13
      59.029515  4.27052E-02  9.51561E-01  5.72645E-03  7.18629E-06  3.42482E-09  8.11387E-13
      59.229615  4.90647E-02  9.45018E-01  5.90994E-03  7.68821E-06  3.79777E-09  9.31556E-13
      59.429715  5.58580E-02  9.38039E-01  6.09457E-03  8.23503E-06  4.22384E-09  1.07389E-12
      59.629815  6.28955E-02  9.30848E-01  6.24807E-03  8.71493E-06  4.61069E-09  1.20690E-12
      59.829915  6.99529E-02  9.23708E-01  6.33060E-03  8.97933E-06  4.82709E-09  1.28317E-12
      60.030015  7.67819E-02  9.16904E-01  6.30551E-03  8.93734E-06  4.80635E-09  1.28044E-12
      60.230115  8.31240E-02  9.10716E-01  6.15104E-03  8.59351E-06  4.57490E-09  1.21122E-12
      60.430215  8.87263E-02  9.05396E-01  5.86951E-03  8.00476E-06  4.19313E-09  1.09820E-12
      60.630315  9.33586E-02  9.01143E-01  5.49097E-03  7.23272E-06  3.70224E-09  9.54355E-13
      60.830415  9.68280E-02  8.98096E-01  5.06926E-03  6.35696E-06  3.14140E-09  7.89729E-13
      61.030515  9.89909E-02  8.96333E-01  4.67042E-03  5.51084E-06  2.59692E-09  6.30530E-13
      61.230615  9.97603E-02  8.95878E-01  4.35701E-03  4.85797E-06  2.18576E-09  5.12899E-13
      61.430715  9.91097E-02  8.96713E-01  4.17317E-03  4.50675E-06  1.97749E-09  4.55605E-13
      61.630815  9.70742E-02  8.98786E-01  4.13494E-03  4.45278E-06  1.95180E-09  4.48814E-13
      61.830915  9.37484E-02  9.02019E-01  4.22818E-03  4.61187E-06  2.03558E-09  4.68264E-13
      62.031016  8.92812E-02  9.06300E-01  4.41406E-03  4.89675E-06  2.17265E-09  4.98069E-13
      62.231116  8.38681E-02  9.11486E-01  4.64014E-03  5.24639E-06  2.34186E-09  5.35153E-13
      62.431216  7.77405E-02  9.17401E-01  4.85332E-03  5.59419E-06  2.51628E-09  5.74360E-13
      62.631316  7.11520E-02  9.23831E-01  5.01083E-03  5.84615E-06  2.63882E-09  6.00594E-13
      62.831416  6.43641E-02  9.30543E-01  5.08654E-03  5.91858E-06  2.65080E-09  5.97193E-13
      63.031516  5.76301E-02  9.37291E-01  5.07268E-03  5.79506E-06  2.54237E-09  5.61691E-13
      63.231616  5.11827E-02  9.43834E-01  4.97807E-03  5.53128E-06  2.36123E-09  5.09425E-13
      63.431716  4.52247E-02  9.49946E-01  4.82443E-03  5.20257E-06  2.16314E-09  4.56885E-13
      63.631816  3.99237E-02  9.55429E-01  4.64200E-03  4.85817E-06  1.97272E-09  4.09614E-13
      63.831916  3.54122E-02  9.60118E-01  4.46507E-03  4.52824E-06  1.79495E-09  3.66886E-13
      64.032016  3.17894E-02  9.63879E-01  4.32758E-03  4.25689E-06  1.64529E-09  3.30690E-13
      64.232116  2.91252E-02  9.66612E-01  4.25877E-03  4.10678E-06  1.55820E-09  3.09037E-13
      64.432216  2.74645E-02  9.68253E-01  4.27876E-03  4.12600E-06  1.56240E-09  3.09064E-13
      64.632316  2.68310E-02  9.68770E-01  4.39515E-03  4.31861E-06  1.65585E-09  3.29511E-13
      64.832416  2.72302E-02  9.68164E-01  4.60142E-03  4.65234E-06  1.81386E-09  3.63214E-13
      65.032516  2.86537E-02  9.66463E-01  4.87778E-03  5.08933E-06  2.01483E-09  4.04561E-13
      65.232616  3.10825E-02  9.63718E-01  5.19392E-03  5.60194E-06  2.25305E-09  4.53547E-13
      65.432716  3.44905E-02  9.59990E-01  5.51329E-03  6.15958E-06  2.52741E-09  5.12681E-13
      65.632816  3.88483E-02  9.55347E-01  5.79838E-03  6.70982E-06  2.81961E-09  5.79841E-13
      65.832916  4.41248E-02  9.49852E-01  6.01633E-03  7.18282E-06  3.09240E-09  6.46865E-13
      66.033017  5.02870E-02  9.43561E-01  6.14416E-03  7.51985E-06  3.31234E-09  7.06480E-13
      66.233117  5.72981E-02  9.36522E-01  6.17266E-03  7.69945E-06  3.46812E-09  7.56886E-13
      66.433217  6.51116E-02  9.28772E-01  6.10843E-03  7.73764E-06  3.56848E-09  8.00568E-13
      66.633317  7.36652E-02  9.20353E-01  5.97371E-03  7.66736E-06  3.62615E-09  8.39524E-13
      66.833417  8.28724E-02  9.11317E-01  5.80352E-03  7.52349E-06  3.64396E-09  8.70510E-13
      67.033517  9.26153E-02  9.01738E-01  5.63971E-03  7.35124E-06  3.62686E-09  8.89429E-13
      67.233617  1.02737E-01  8.91733E-01  5.52222E-03  7.22343E-06  3.61241E-09  9.04309E-13
      67.433717  1.13040E-01  8.81474E-01  5.47920E-03  7.23191E-06  3.67234E-09  9.38035E-13
      67.633817  1.23284E-01  8.71190E-01  5.51902E-03  7.43809E-06  3.86675E-09  1.01224E-12
      67.833917  1.33195E-01  8.61170E-01  5.62682E-03  7.81689E-06  4.18554E-09  1.12570E-12
      68.034017  1.42474E-01  8.51751E-01  5.76681E-03  8.25122E-06  4.53432E-09  1.24660E-12
      68.234117  1.50814E-01  8.43287E-01  5.89024E-03  8.59247E-06  4.79444E-09  1.33473E-12
      68.434217  1.57914E-01  8.36129E-01  5.94750E-03  8.73507E-06  4.89725E-09  1.36942E-12
      68.634317  1.63502E-01  8.30588E-01  5.90161E-03  8.64015E-06  4.83408E-09  1.35098E-12
      68.834417  1.67349E-01  8.26904E-01  5.73927E-03  8.30692E-06  4.61683E-09  1.28557E-12
      69.034517  1.69287E-01  8.25230E-01  5.47563E-03  7.75126E-06  4.25160E-09  1.17481E-12
      69.234617  1.69219E-01  8.25623E-01  5.15126E-03  7.02978E-06  3.76362E-09  1.02441E-12
      69.434717  1.67125E-01  8.28046E-01  4.82246E-03  6.26957E-06  3.24039E-09  8.61900E-13
      69.634817  1.63063E-01  8.32383E-01  4.54798E-03  5.63857E-06  2.81043E-09  7.29579E-13
      69.834917  1.57171E-01  8.38448E-01  4.37583E-03  5.26215E-06  2.56397E-09  6.55698E-13
      70.035018  1.49657E-01  8.46005E-01  4.33345E-03  5.16756E-06  2.50522E-09  6.38565E-13
      70.235118  1.40797E-01  8.54774E-01  4.42310E-03  5.31076E-06  2.58343E-09  6.58408E-13
      70.435218  1.30922E-01  8.64449E-01  4.62329E-03  5.64060E-06  2.76117E-09  7.03059E-13
      70.635318  1.20406E-01  8.74693E-01  4.89475E-03  6.11626E-06  3.02939E-09  7.73303E-13
      70.835418  1.09646E-01  8.85158E-01  5.18874E-03  6.66795E-06  3.35747E-09  8.63175E-13
      71.035518  9.90500E-02  8.95487E-01  5.45573E-03  7.17404E-06  3.66158E-09  9.47214E-13
      71.235618  8.90106E-02  9.05329E-01  5.65287E-03  7.50570E-06  3.84124E-09  9.92250E-13
      71.435718  7.98888E-02  9.14354E-01  5.75000E-03  7.59645E-06  3.85097E-09  9.84270E-13
      71.635818  7.19966E-02  9.22262E-01  5.73395E-03  7.45977E-06  3.72084E-09  9.37162E-13
      71.835918  6.55854E-02  9.28796E-01  5.61107E-03  7.14674E-06  3.50210E-09  8.70091E-13
      72.036018  6.08395E-02  9.33747E-01  5.40720E-03  6.70721E-06  3.22393E-09  7.90769E-13
      72.236118  5.78754E-02  9.36955E-01  5.16379E-03  6.19737E-06  2.90802E-09  7.02479E-13
      72.436218  5.67437E-02  9.38321E-01  4.93009E-03  5.70354E-06  2.59967E-09  6.15963E-13
      72.636318  5.74340E-02  9.37808E-01  4.75311E-03  5.33074E-06  2.36650E-09  5.50487E-13
      72.836418  5.98821E-02  9.35445E-01  4.66790E-03  5.15606E-06  2.25637E-09  5.19071E-13
      73.036518  6.39777E-02  9.31327E-01  4.69039E-03  5.19407E-06  2.26655E-09  5.17858E-13
      73.236618  6.95750E-02  9.25605E-01  4.81413E-03  5.40573E-06  2.36095E-09  5.34174E-13
      73.436718  7.65028E-02  9.18480E-01  5.01176E-03  5.73096E-06  2.50256E-09  5.58048E-13
      73.636818  8.45774E-02  9.10175E-01  5.24111E-03  6.10775E-06  2.66568E-09  5.85401E-13
      73.836918  9.36128E-02  9.00926E-01  5.45446E-03  6.46965E-06  2.82562E-09  6.12978E-13
      74.037019  1.03430E-01  8.90956E-01  5.60783E-03  6.74327E-06  2.94713E-09  6.33368E-13
      74.237119  1.13861E-01  8.80464E-01  5.66805E-03  6.86176E-06  2.99442E-09  6.38561E-13
      74.437219  1.24751E-01  8.69625E-01  5.61685E-03  6.78740E-06  2.95058E-09  6.26044E-13
      74.637319  1.35958E-01  8.58582E-01  5.45280E-03  6.52441E-06  2.82168E-09  5.98209E-13
      74.837419  1.47348E-01  8.47455E-01  5.19138E-03  6.11237E-06  2.62894E-09  5.59234E-13
      75.037519  1.58785E-01  8.36346E-01  4.86307E-03  5.60722E-06  2.39798E-09  5.13371E-13
      75.237619  1.70128E-01  8.25357E-01  4.50932E-03  5.06673E-06  2.15088E-09  4.63775E-13
      75.437719  1.81220E-01  8.14599E-01  4.17677E-03  4.55139E-06  1.91118E-09  4.14674E-13
      75.637819  1.91883E-01  8.04202E-01  3.91065E-03  4.13358E-06  1.71478E-09  3.74339E-13
      75.837919  2.01921E-01  7.94327E-01  3.74807E-03  3.89390E-06  1.60839E-09  3.54443E-13
      76.038019  2.11117E-01  7.85167E-01  3.71191E-03  3.89473E-06  1.63338E-09  3.66320E-13
      76.238119  2.19240E-01  7.76950E-01  3.80599E-03  4.14878E-06  1.80361E-09  4.15387E-13
      76.438219  2.26056E-01  7.69926E-01  4.01333E-03  4.61277E-06  2.09583E-09  4.97041E-13
      76.638319  2.31338E-01  7.64359E-01  4.29834E-03  5.21316E-06  2.46850E-09  6.01374E-13
      76.838419  2.34879E-01  7.60502E-01  4.61326E-03  5.87521E-06  2.88487E-09  7.20184E-13
      77.038519  2.36513E-01  7.58574E-01  4.90696E-03  6.52449E-06  3.31025E-09  8.45823E-13
      77.238619  2.36119E-01  7.58740E-01  5.13416E-03  7.06926E-06  3.69087E-09  9.64237E-13
      77.438719  2.33636E-01  7.61093E-01  5.26318E-03  7.40555E-06  3.94626E-09  1.04964E-12
      77.638819  2.29068E-01  7.65644E-01  5.28110E-03  7.46358E-06  4.00802E-09  1.07634E-12
      77.838919  2.22488E-01  7.72309E-01  5.19564E-03  7.25625E-06  3.87776E-09  1.04227E-12
      78.039020  2.14041E-01  7.80919E-01  5.03369E-03  6.87501E-06  3.62876E-09  9.71364E-13
      78.239120  2.03943E-01  7.91213E-01  4.83661E-03  6.43441E-06  3.34901E-09  8.92742E-13
      78.439220  1.92480E-01  8.02860E-01  4.65319E-03  6.02490E-06  3.09275E-09  8.21805E-13
      78.639320  1.79998E-01  8.15465E-01  4.53095E-03  5.71616E-06  2.88789E-09  7.62709E-13
      78.839420  1.66896E-01  8.28592E-01  4.50699E-03  5.58211E-06  2.77733E-09  7.26599E-13
      79.039520  1.53609E-01  8.41785E-01  4.59971E-03  5.68995E-06  2.81807E-09  7.33236E-13
      79.239620  1.40595E-01  8.54596E-01  4.80291E-03  6.04903E-06  3.02664E-09  7.89811E-13
      79.439720  1.28307E-01  8.66602E-01  5.08423E-03  6.57737E-06  3.34323E-09  8.77052E-13
      79.639820  1.17173E-01  8.77431E-01  5.38922E-03  7.13003E-06  3.65842E-09  9.59052E-13
      79.839920  1.07573E-01  8.86768E-01  5.65185E-03  7.56356E-06  3.87852E-09  1.00838E-12
      80.040020  9.98190E-02  8.94363E-01  5.80988E-03  7.77763E-06  3.95832E-09  1.01710E-12
      80.240120  9.41450E-02  9.00026E-01  5.82085E-03  7.71589E-06  3.87823E-09  9.83515E-13
      80.440220  9.06962E-02  9.03623E-01  5.67328E-03  7.35971E-06  3.62863E-09  9.05284E-13
      80.640320  8.95282E-02  9.05076E-01  5.38955E-03  6.74266E-06  3.22801E-09  7.87716E-13
      80.840420  9.06082E-02  9.04366E-01  5.02004E-03  5.96616E-06  2.74093E-09  6.49784E-13
      81.040520  9.38215E-02  9.01543E-01  4.63045E-03  5.17751E-06  2.26352E-09  5.19249E-13
      81.240620  9.89810E-02  8.96729E-01  4.28546E-03  4.51210E-06  1.87573E-09  4.16604E-13
      81.440720  1.05842E-01  8.90120E-01  4.03325E-03  4.04530E-06  1.60902E-09  3.46630E-13
      81.640820  1.14121E-01  8.81979E-01  3.89557E-03  3.78769E-06  1.45668E-09  3.05024E-13
      81.840920  1.23514E-01  8.72617E-01  3.86619E-03  3.70941E-06  1.39549E-09  2.84867E-13
      82.041021  1.33715E-01  8.62365E-01  3.91674E-03  3.76034E-06  1.39699E-09  2.78855E-13
      82.241121  1.44436E-01  8.51554E-01  4.00636E-03  3.87650E-06  1.42934E-09  2.79594E-13
      82.441221  1.55416E-01  8.40489E-01  4.09157E-03  3.98658E-06  1.45865E-09  2.79946E-13
      82.641321  1.66429E-01  8.29433E-01  4.13475E-03  4.02883E-06  1.45873E-09  2.75318E-13
      82.841421  1.77287E-01  8.18599E-01  4.11031E-03  3.96997E-06  1.41945E-09  2.64661E-13
      83.041521  1.87840E-01  8.08149E-01  4.00798E-03  3.81072E-06  1.34466E-09  2.49011E-13
      83.241621  1.97964E-01  7.98199E-01  3.83320E-03  3.57400E-06  1.24603E-09  2.30429E-13
      83.441721  2.07558E-01  7.88833E-01  3.60514E-03  3.28810E-06  1.13564E-09  2.11114E-13
      83.641821  2.16530E-01  7.80113E-01  3.35351E-03  2.98098E-06  1.02162E-09  1.92119E-13
      83.841921  2.24791E-01  7.72091E-01  3.11465E-03  2.68767E-06  9.13645E-10  1.74625E-13
      84.042021  2.32247E-01  7.64824E-01  2.92686E-03  2.45750E-06  8.29747E-10  1.61601E-13
      84.242121  2.38791E-01  7.58382E-01  2.82479E-03  2.34712E-06  7.94484E-10  1.57639E-13
      84.442221  2.44307E-01  7.52857E-01  2.83335E-03  2.40115E-06  8.30904E-10  1.67761E-13
