# population in each left-qubit level over  time for $\ket{\Psi(t=0)} = \ket{11}$ (integrated over all cavity levels)
#        t [ns]            0            1            2            3            4            5
       0.000000  0.00000E+00  1.00000E+00  0.00000E+00  0.00000E+00  0.00000E+00  0.00000E+00
       0.200100  3.00924E-05  9.99942E-01  2.75107E-05  2.02096E-16  4.75585E-28  5.90312E-40
       0.400200  1.16849E-04  9.99783E-01  1.00577E-04  7.66126E-14  1.83772E-23  2.27999E-33
       0.600300  2.60245E-04  9.99546E-01  1.94062E-04  1.77678E-12  4.88961E-21  6.60399E-30
       0.800400  4.60250E-04  9.99264E-01  2.75825E-04  1.36719E-11  1.91489E-19  1.23627E-27
       1.000500  7.16848E-04  9.98965E-01  3.17810E-04  5.45655E-11  2.47469E-18  4.88627E-26
       1.200600  1.03006E-03  9.98664E-01  3.05738E-04  1.34306E-10  1.46554E-17  6.70406E-25
       1.400700  1.39998E-03  9.98356E-01  2.44079E-04  2.16134E-10  4.56418E-17  4.01965E-24
       1.600800  1.82679E-03  9.98019E-01  1.54573E-04  2.19528E-10  7.49852E-17  1.16085E-23
       1.800900  2.31079E-03  9.97620E-01  6.87991E-05  1.13730E-10  6.20399E-17  2.60248E-23
       2.001001  2.85241E-03  9.97130E-01  1.73427E-05  3.98671E-11  1.67722E-16  1.85266E-22
       2.201101  3.45223E-03  9.96529E-01  1.92653E-05  3.19887E-10  1.18722E-15  1.34298E-21
       2.401201  4.11088E-03  9.95814E-01  7.54911E-05  1.29984E-09  4.73851E-15  6.09266E-21
       2.601301  4.82904E-03  9.95003E-01  1.68388E-04  3.12856E-09  1.27246E-14  1.92633E-20
       2.801401  5.60730E-03  9.94125E-01  2.67694E-04  5.59278E-09  2.60776E-14  4.63745E-20
       3.001501  6.44602E-03  9.93213E-01  3.40774E-04  8.06217E-09  4.30252E-14  8.85791E-20
       3.201601  7.34525E-03  9.92291E-01  3.63701E-04  9.62172E-09  5.79236E-14  1.35292E-19
       3.401701  8.30455E-03  9.91366E-01  3.29375E-04  9.48502E-09  6.30632E-14  1.63383E-19
       3.601801  9.32292E-03  9.90427E-01  2.49908E-04  7.53929E-09  5.41193E-14  1.52227E-19
       3.801901  1.03987E-02  9.89449E-01  1.52464E-04  4.56429E-09  3.47914E-14  1.04790E-19
       4.002001  1.15296E-02  9.88400E-01  6.99866E-05  1.82415E-09  1.48112E-14  4.83250E-20
       4.202101  1.27130E-02  9.87257E-01  3.00012E-05  3.42924E-10  2.79139E-15  1.08796E-20
       4.402201  1.39456E-02  9.86009E-01  4.53228E-05  4.84337E-10  1.75984E-15  3.40585E-21
       4.602301  1.52243E-02  9.84666E-01  1.09855E-04  2.03866E-09  1.04008E-14  2.31306E-20
       4.802401  1.65462E-02  9.83253E-01  2.00901E-04  4.48476E-09  2.58928E-14  6.38063E-20
       5.002501  1.79088E-02  9.81804E-01  2.87186E-04  7.15074E-09  4.50787E-14  1.20279E-19
       5.202601  1.93106E-02  9.80350E-01  3.39822E-04  9.35099E-09  6.49561E-14  1.90487E-19
       5.402701  2.07512E-02  9.78906E-01  3.42437E-04  1.05505E-08  8.31648E-14  2.77476E-19
       5.602801  2.22315E-02  9.77471E-01  2.97002E-04  1.03918E-08  9.62996E-14  3.80867E-19
       5.802901  2.37538E-02  9.76023E-01  2.23343E-04  8.66398E-09  9.61664E-14  4.65139E-19
       6.003002  2.53217E-02  9.74526E-01  1.52521E-04  5.69956E-09  7.28678E-14  4.35460E-19
       6.203102  2.69400E-02  9.72944E-01  1.16351E-04  3.28647E-09  4.25845E-14  3.32611E-19
       6.403202  2.86146E-02  9.71249E-01  1.36664E-04  5.12083E-09  1.01646E-13  1.13472E-18
       6.603302  3.03520E-02  9.69430E-01  2.18015E-04  1.55954E-08  4.56125E-13  6.05784E-18
       6.803402  3.21589E-02  9.67495E-01  3.46335E-04  3.71036E-08  1.35300E-12  2.09737E-17
       7.003502  3.40423E-02  9.65464E-01  4.93973E-04  6.77157E-08  2.91473E-12  5.22457E-17
       7.203602  3.60094E-02  9.63361E-01  6.29321E-04  1.01122E-07  4.99152E-12  1.02415E-16
       7.403702  3.80677E-02  9.61205E-01  7.27661E-04  1.29060E-07  7.15274E-12  1.66577E-16
       7.603802  4.02253E-02  9.58995E-01  7.79403E-04  1.44871E-07  8.83324E-12  2.31882E-16
       7.803902  4.24911E-02  9.56716E-01  7.92881E-04  1.46603E-07  9.57628E-12  2.81053E-16
       8.004002  4.48757E-02  9.54333E-01  7.90749E-04  1.38790E-07  9.33082E-12  3.01420E-16
       8.204102  4.73909E-02  9.51808E-01  8.01370E-04  1.32396E-07  8.77071E-12  3.02772E-16
       8.404202  5.00499E-02  9.49102E-01  8.48340E-04  1.42412E-07  9.51604E-12  3.44934E-16
       8.604302  5.28671E-02  9.46191E-01  9.41994E-04  1.83003E-07  1.40174E-11  5.65694E-16
       8.804402  5.58573E-02  9.43066E-01  1.07602E-03  2.61457E-07  2.48895E-11  1.18569E-15
       9.004502  5.90341E-02  9.39735E-01  1.23043E-03  3.73486E-07  4.37267E-11  2.46012E-15
       9.204602  6.24091E-02  9.36211E-01  1.37976E-03  5.02427E-07  6.97574E-11  4.55496E-15
       9.404702  6.59891E-02  9.32507E-01  1.50334E-03  6.23542E-07  9.89534E-11  7.35644E-15
       9.604802  6.97744E-02  9.28631E-01  1.59368E-03  7.12985E-07  1.24445E-10  1.02980E-14
       9.804902  7.37558E-02  9.24584E-01  1.65943E-03  7.59333E-07  1.39189E-10  1.24216E-14
      10.005003  7.79127E-02  9.20365E-01  1.72152E-03  7.73098E-07  1.40931E-10  1.29410E-14
      10.205103  8.22111E-02  9.15984E-01  1.80382E-03  7.87271E-07  1.36783E-10  1.22064E-14
      10.405203  8.66030E-02  9.11474E-01  1.92194E-03  8.43862E-07  1.42411E-10  1.22161E-14
      10.605303  9.10283E-02  9.06896E-01  2.07467E-03  9.70652E-07  1.73524E-10  1.57174E-14
      10.805403  9.54169E-02  9.02340E-01  2.24177E-03  1.16246E-06  2.34970E-10  2.42689E-14
      11.005503  9.96937E-02  8.97916E-01  2.38925E-03  1.37999E-06  3.16271E-10  3.69390E-14
      11.205603  1.03783E-01  8.93735E-01  2.48071E-03  1.56578E-06  3.96173E-10  5.06230E-14
      11.405703  1.07614E-01  8.89894E-01  2.49086E-03  1.66555E-06  4.50855E-10  6.12405E-14
      11.605803  1.11126E-01  8.86456E-01  2.41630E-03  1.64643E-06  4.61164E-10  6.48877E-14
      11.805903  1.14274E-01  8.83445E-01  2.27920E-03  1.51069E-06  4.19997E-10  5.93053E-14
      12.006003  1.17028E-01  8.80848E-01  2.12214E-03  1.30303E-06  3.40011E-10  4.59089E-14
      12.206103  1.19378E-01  8.78625E-01  1.99573E-03  1.10205E-06  2.54183E-10  3.05667E-14
      12.406203  1.21331E-01  8.76724E-01  1.94318E-03  9.90795E-07  2.02038E-10  2.09767E-14
      12.606303  1.22917E-01  8.75095E-01  1.98679E-03  1.01907E-06  2.08277E-10  2.19835E-14
      12.806403  1.24182E-01  8.73697E-01  2.12038E-03  1.18221E-06  2.70878E-10  3.30189E-14
      13.006503  1.25186E-01  8.72503E-01  2.30989E-03  1.42738E-06  3.65914E-10  4.93577E-14
      13.206603  1.26000E-01  8.71496E-01  2.50224E-03  1.67571E-06  4.59839E-10  6.48226E-14
      13.406703  1.26700E-01  8.70658E-01  2.64025E-03  1.84538E-06  5.19612E-10  7.37181E-14
      13.606803  1.27360E-01  8.69960E-01  2.67893E-03  1.87432E-06  5.21888E-10  7.24570E-14
      13.806903  1.28049E-01  8.69351E-01  2.59830E-03  1.74290E-06  4.63291E-10  6.13656E-14
      14.007004  1.28828E-01  8.68762E-01  2.40902E-03  1.48525E-06  3.63937E-10  4.48383E-14
      14.207104  1.29747E-01  8.68102E-01  2.14923E-03  1.17514E-06  2.56750E-10  2.86716E-14
      14.407204  1.30846E-01  8.67279E-01  1.87413E-03  8.92073E-07  1.69745E-10  1.67935E-14
      14.607304  1.32153E-01  8.66205E-01  1.64114E-03  6.91766E-07  1.16027E-10  1.02102E-14
      14.807404  1.33688E-01  8.64817E-01  1.49502E-03  5.98132E-07  9.64578E-11  8.22005E-15
      15.007504  1.35462E-01  8.63080E-01  1.45734E-03  6.10949E-07  1.06793E-10  9.85121E-15
      15.207604  1.37483E-01  8.60993E-01  1.52323E-03  7.12134E-07  1.40250E-10  1.41553E-14
      15.407704  1.39750E-01  8.58583E-01  1.66586E-03  8.66563E-07  1.85819E-10  1.97617E-14
      15.607804  1.42263E-01  8.55890E-01  1.84646E-03  1.02790E-06  2.28950E-10  2.48445E-14
      15.807904  1.45020E-01  8.52953E-01  2.02600E-03  1.15477E-06  2.57389E-10  2.79049E-14
      16.008004  1.48018E-01  8.49807E-01  2.17456E-03  1.22698E-06  2.67089E-10  2.85642E-14
      16.208104  1.51257E-01  8.46466E-01  2.27586E-03  1.24904E-06  2.62440E-10  2.75217E-14
      16.408204  1.54738E-01  8.42934E-01  2.32687E-03  1.24126E-06  2.51898E-10  2.58968E-14
      16.608304  1.58463E-01  8.39201E-01  2.33417E-03  1.22922E-06  2.44472E-10  2.48053E-14
      16.808404  1.62437E-01  8.35252E-01  2.30968E-03  1.23714E-06  2.49334E-10  2.55407E-14
      17.008504  1.66662E-01  8.31068E-01  2.26809E-03  1.28249E-06  2.75495E-10  2.98359E-14
      17.208604  1.71140E-01  8.26632E-01  2.22675E-03  1.37018E-06  3.28535E-10  3.94941E-14
      17.408704  1.75868E-01  8.21923E-01  2.20723E-03  1.49339E-06  4.06757E-10  5.53947E-14
      17.608804  1.80836E-01  8.16926E-01  2.23648E-03  1.64684E-06  5.02622E-10  7.68027E-14
      17.808904  1.86021E-01  8.11632E-01  2.34484E-03  1.84511E-06  6.11477E-10  1.02127E-13
      18.009005  1.91390E-01  8.06049E-01  2.55924E-03  2.12866E-06  7.40959E-10  1.30907E-13
      18.209105  1.96890E-01  8.00215E-01  2.89240E-03  2.54928E-06  9.12983E-10  1.65697E-13
      18.409205  2.02452E-01  7.94213E-01  3.33220E-03  3.14366E-06  1.15842E-09  2.13627E-13
      18.609305  2.07992E-01  7.88168E-01  3.83682E-03  3.90957E-06  1.50714E-09  2.86878E-13
      18.809405  2.13416E-01  7.82240E-01  4.33954E-03  4.79224E-06  1.97105E-09  3.98364E-13
      19.009505  2.18628E-01  7.76603E-01  4.76262E-03  5.68363E-06  2.52170E-09  5.50952E-13
      19.209605  2.23539E-01  7.71418E-01  5.03633E-03  6.43615E-06  3.07726E-09  7.27095E-13
      19.409705  2.28068E-01  7.66807E-01  5.11744E-03  6.89254E-06  3.51315E-09  8.87748E-13
      19.609805  2.32151E-01  7.62840E-01  5.00172E-03  6.93262E-06  3.69748E-09  9.82083E-13
      19.809905  2.35740E-01  7.59528E-01  4.72623E-03  6.52845E-06  3.54637E-09  9.67002E-13
      20.010005  2.38804E-01  7.56831E-01  4.35965E-03  5.78111E-06  3.08339E-09  8.34938E-13
      20.210105  2.41331E-01  7.54681E-01  3.98363E-03  4.90444E-06  2.46059E-09  6.33124E-13
      20.410205  2.43323E-01  7.53001E-01  3.67182E-03  4.14449E-06  1.89593E-09  4.44449E-13
      20.610305  2.44801E-01  7.51722E-01  3.47304E-03  3.66891E-06  1.54639E-09  3.30637E-13
      20.810405  2.45802E-01  7.50793E-01  3.40202E-03  3.50103E-06  1.42724E-09  2.95301E-13
      21.010505  2.46379E-01  7.50179E-01  3.43876E-03  3.54738E-06  1.44868E-09  3.02303E-13
      21.210605  2.46603E-01  7.49858E-01  3.53548E-03  3.67864E-06  1.50914E-09  3.16389E-13
      21.410705  2.46551E-01  7.49816E-01  3.62923E-03  3.78206E-06  1.54304E-09  3.20078E-13
      21.610805  2.46305E-01  7.50033E-01  3.65776E-03  3.76174E-06  1.50442E-09  3.03968E-13
      21.810905  2.45945E-01  7.50477E-01  3.57495E-03  3.53960E-06  1.35641E-09  2.61493E-13
      22.011006  2.45541E-01  7.51094E-01  3.36193E-03  3.09355E-06  1.10045E-09  1.97185E-13
      22.211106  2.45154E-01  7.51812E-01  3.03112E-03  2.49282E-06  7.94729E-10  1.28754E-13
      22.411206  2.44832E-01  7.52543E-01  2.62270E-03  1.87125E-06  5.20387E-10  7.47604E-14
      22.611306  2.44608E-01  7.53196E-01  2.19478E-03  1.34954E-06  3.26675E-10  4.18679E-14
      22.811406  2.44506E-01  7.53683E-01  1.80998E-03  9.78950E-07  2.12436E-10  2.52298E-14
      23.011506  2.44540E-01  7.53938E-01  1.52122E-03  7.51599E-07  1.52743E-10  1.74987E-14
      23.211606  2.44716E-01  7.53923E-01  1.36046E-03  6.46429E-07  1.29340E-10  1.46795E-14
      23.411706  2.45038E-01  7.53628E-01  1.33304E-03  6.50722E-07  1.35497E-10  1.55743E-14
      23.611806  2.45505E-01  7.53075E-01  1.41909E-03  7.43413E-07  1.63765E-10  1.90820E-14
      23.811906  2.46117E-01  7.52301E-01  1.58089E-03  8.79446E-07  1.98745E-10  2.30639E-14
      24.012006  2.46874E-01  7.51351E-01  1.77332E-03  1.00659E-06  2.24816E-10  2.55852E-14
      24.212106  2.47779E-01  7.50266E-01  1.95390E-03  1.09672E-06  2.37683E-10  2.64414E-14
      24.412206  2.48837E-01  7.49072E-01  2.09025E-03  1.15360E-06  2.44062E-10  2.68420E-14
      24.612306  2.50057E-01  7.47778E-01  2.16391E-03  1.19128E-06  2.51185E-10  2.78244E-14
      24.812406  2.51451E-01  7.46377E-01  2.17090E-03  1.21351E-06  2.59843E-10  2.93822E-14
      25.012506  2.53034E-01  7.44845E-01  2.12016E-03  1.21650E-06  2.67598E-10  3.10734E-14
      25.212606  2.54819E-01  7.43149E-01  2.03074E-03  1.20343E-06  2.75371E-10  3.30776E-14
      25.412706  2.56820E-01  7.41250E-01  1.92872E-03  1.18747E-06  2.87477E-10  3.61934E-14
      25.612806  2.59045E-01  7.39110E-01  1.84399E-03  1.18273E-06  3.05741E-10  4.07097E-14
      25.812906  2.61497E-01  7.36695E-01  1.80685E-03  1.20177E-06  3.28706E-10  4.60184E-14
      26.013007  2.64167E-01  7.33988E-01  1.84373E-03  1.26476E-06  3.59673E-10  5.22679E-14
      26.213107  2.67037E-01  7.30990E-01  1.97175E-03  1.40333E-06  4.11783E-10  6.17661E-14
      26.413207  2.70072E-01  7.27733E-01  2.19304E-03  1.64662E-06  5.01567E-10  7.80128E-14
      26.613307  2.73227E-01  7.24280E-01  2.49100E-03  2.00136E-06  6.38023E-10  1.03467E-13
      26.813407  2.76444E-01  7.20722E-01  2.83102E-03  2.44436E-06  8.19418E-10  1.39033E-13
      27.013507  2.79661E-01  7.17170E-01  3.16618E-03  2.92858E-06  1.03657E-09  1.85074E-13
      27.213607  2.82810E-01  7.13740E-01  3.44702E-03  3.39136E-06  1.27007E-09  2.39625E-13
      27.413707  2.85826E-01  7.10538E-01  3.63232E-03  3.76209E-06  1.48542E-09  2.95267E-13
      27.613807  2.88648E-01  7.07650E-01  3.69797E-03  3.97535E-06  1.63886E-09  3.39912E-13
      27.813907  2.91220E-01  7.05134E-01  3.64189E-03  3.98970E-06  1.69253E-09  3.61290E-13
      28.014007  2.93493E-01  7.03020E-01  3.48380E-03  3.80371E-06  1.63094E-09  3.52784E-13
      28.214107  2.95426E-01  7.01310E-01  3.26018E-03  3.46249E-06  1.46903E-09  3.16118E-13
      28.414207  2.96989E-01  6.99992E-01  3.01607E-03  3.05100E-06  1.25092E-09  2.61721E-13
      28.614307  2.98162E-01  6.99040E-01  2.79582E-03  2.66862E-06  1.03798E-09  2.06780E-13
      28.814407  2.98940E-01  6.98423E-01  2.63496E-03  2.38932E-06  8.78769E-10  1.65740E-13
      29.014507  2.99335E-01  6.98108E-01  2.55425E-03  2.23377E-06  7.84651E-10  1.41692E-13
      29.214607  2.99375E-01  6.98066E-01  2.55626E-03  2.17969E-06  7.38973E-10  1.29375E-13
      29.414707  2.99100E-01  6.98274E-01  2.62463E-03  2.19779E-06  7.24547E-10  1.23678E-13
      29.614807  2.98558E-01  6.98713E-01  2.72694E-03  2.26725E-06  7.35680E-10  1.23376E-13
      29.814907  2.97801E-01  6.99375E-01  2.82137E-03  2.35316E-06  7.61232E-10  1.26569E-13
      30.015008  2.96879E-01  7.00252E-01  2.86648E-03  2.38791E-06  7.68093E-10  1.26176E-13
      30.215108  2.95836E-01  7.01330E-01  2.83149E-03  2.30129E-06  7.20692E-10  1.14973E-13
      30.415208  2.94706E-01  7.02587E-01  2.70429E-03  2.07719E-06  6.15837E-10  9.34624E-14
      30.615308  2.93515E-01  7.03988E-01  2.49499E-03  1.77073E-06  4.86968E-10  6.93563E-14
      30.815408  2.92279E-01  7.05486E-01  2.23376E-03  1.46223E-06  3.72956E-10  5.00326E-14
      31.015508  2.91009E-01  7.07026E-01  1.96361E-03  1.20016E-06  2.88588E-10  3.71394E-14
      31.215608  2.89710E-01  7.08559E-01  1.72969E-03  9.93311E-07  2.27462E-10  2.84075E-14
      31.415708  2.88384E-01  7.10047E-01  1.56840E-03  8.46267E-07  1.84463E-10  2.22945E-14
      31.615808  2.87032E-01  7.11468E-01  1.49951E-03  7.80558E-07  1.65770E-10  1.95087E-14
      31.815908  2.85654E-01  7.12822E-01  1.52344E-03  8.12450E-07  1.77826E-10  2.10525E-14
      32.016008  2.84253E-01  7.14122E-01  1.62364E-03  9.21660E-07  2.12990E-10  2.58499E-14
      32.216108  2.82835E-01  7.15392E-01  1.77248E-03  1.05793E-06  2.52159E-10  3.10812E-14
      32.416208  2.81406E-01  7.16655E-01  1.93829E-03  1.18071E-06  2.82308E-10  3.49102E-14
      32.616308  2.79980E-01  7.17927E-01  2.09173E-03  1.28388E-06  3.06230E-10  3.80091E-14
      32.816408  2.78573E-01  7.19215E-01  2.21038E-03  1.37848E-06  3.32723E-10  4.19520E-14
      33.016508  2.77205E-01  7.20513E-01  2.28102E-03  1.46171E-06  3.61897E-10  4.68219E-14
      33.216608  2.75899E-01  7.21799E-01  2.29997E-03  1.51392E-06  3.84824E-10  5.11045E-14
      33.416708  2.74682E-01  7.23045E-01  2.27203E-03  1.52361E-06  3.95733E-10  5.36792E-14
      33.616808  2.73578E-01  7.24212E-01  2.20907E-03  1.50220E-06  3.98939E-10  5.51387E-14
      33.816908  2.72612E-01  7.25258E-01  2.12850E-03  1.46987E-06  4.01425E-10  5.66364E-14
      34.017009  2.71804E-01  7.26143E-01  2.05155E-03  1.43732E-06  4.03167E-10  5.80226E-14
      34.217109  2.71167E-01  7.26831E-01  2.00064E-03  1.41148E-06  4.01933E-10  5.86012E-14
      34.417209  2.70707E-01  7.27296E-01  1.99577E-03  1.41287E-06  4.05248E-10  5.96678E-14
      34.617309  2.70420E-01  7.27528E-01  2.05048E-03  1.47270E-06  4.28912E-10  6.43478E-14
      34.817409  2.70292E-01  7.27538E-01  2.16843E-03  1.60857E-06  4.82457E-10  7.46843E-14
      35.017509  2.70304E-01  7.27353E-01  2.34155E-03  1.80967E-06  5.60479E-10  8.96873E-14
      35.217609  2.70427E-01  7.27020E-01  2.55054E-03  2.04838E-06  6.50840E-10  1.06962E-13
      35.417709  2.70632E-01  7.26598E-01  2.76775E-03  2.29907E-06  7.47098E-10  1.25626E-13
      35.617809  2.70888E-01  7.26148E-01  2.96222E-03  2.54152E-06  8.47843E-10  1.46153E-13
      35.817909  2.71162E-01  7.25730E-01  3.10539E-03  2.75252E-06  9.47735E-10  1.68044E-13
      36.018009  2.71424E-01  7.25397E-01  3.17645E-03  2.90269E-06  1.03273E-09  1.88314E-13
      36.218109  2.71641E-01  7.25190E-01  3.16617E-03  2.96225E-06  1.08389E-09  2.02262E-13
      36.418209  2.71784E-01  7.25134E-01  3.07901E-03  2.91040E-06  1.08486E-09  2.05616E-13
      36.618309  2.71823E-01  7.25241E-01  2.93312E-03  2.74731E-06  1.02705E-09  1.95274E-13
      36.818409  2.71733E-01  7.25506E-01  2.75800E-03  2.50445E-06  9.17654E-10  1.71570E-13
      37.018509  2.71495E-01  7.25913E-01  2.58954E-03  2.23896E-06  7.83486E-10  1.40702E-13
      37.218609  2.71099E-01  7.26436E-01  2.46278E-03  2.00799E-06  6.57479E-10  1.11277E-13
      37.418709  2.70543E-01  7.27052E-01  2.40359E-03  1.84686E-06  5.62189E-10  8.92396E-14
      37.618809  2.69831E-01  7.27746E-01  2.42152E-03  1.77304E-06  5.07781E-10  7.65294E-14
      37.818909  2.68975E-01  7.28517E-01  2.50634E-03  1.79952E-06  5.00892E-10  7.36375E-14
      38.019010  2.67984E-01  7.29384E-01  2.62993E-03  1.92360E-06  5.44294E-10  8.10330E-14
      38.219110  2.66869E-01  7.30376E-01  2.75323E-03  2.09762E-06  6.18900E-10  9.51731E-14
      38.419210  2.65635E-01  7.31526E-01  2.83666E-03  2.23010E-06  6.78694E-10  1.06571E-13
      38.619310  2.64283E-01  7.32864E-01  2.85093E-03  2.23936E-06  6.80680E-10  1.06327E-13
      38.819410  2.62809E-01  7.34403E-01  2.78503E-03  2.11248E-06  6.19803E-10  9.38057E-14
      39.019510  2.61208E-01  7.36141E-01  2.64902E-03  1.90593E-06  5.28550E-10  7.61815E-14
      39.219610  2.59472E-01  7.38055E-01  2.47073E-03  1.68964E-06  4.43287E-10  6.08675E-14
      39.419710  2.57594E-01  7.40117E-01  2.28760E-03  1.50016E-06  3.77352E-10  5.00170E-14
      39.619810  2.55567E-01  7.42295E-01  2.13666E-03  1.34847E-06  3.27715E-10  4.22007E-14
      39.819910  2.53387E-01  7.44566E-01  2.04569E-03  1.25459E-06  2.97732E-10  3.73390E-14
      40.020010  2.51050E-01  7.46921E-01  2.02794E-03  1.25172E-06  3.02069E-10  3.80267E-14
      40.220110  2.48556E-01  7.49362E-01  2.08096E-03  1.35078E-06  3.47268E-10  4.58565E-14
      40.420210  2.45904E-01  7.51905E-01  2.18899E-03  1.51392E-06  4.15399E-10  5.78237E-14
      40.620310  2.43098E-01  7.54573E-01  2.32777E-03  1.67721E-06  4.75662E-10  6.82290E-14
      40.820410  2.40140E-01  7.57387E-01  2.47032E-03  1.80034E-06  5.12156E-10  7.41261E-14
      41.020510  2.37041E-01  7.60365E-01  2.59249E-03  1.88660E-06  5.33668E-10  7.74802E-14
      41.220610  2.33811E-01  7.63510E-01  2.67716E-03  1.95456E-06  5.54693E-10  8.13655E-14
      41.420710  2.30469E-01  7.66812E-01  2.71630E-03  2.00361E-06  5.75335E-10  8.58013E-14
      41.620810  2.27041E-01  7.70246E-01  2.71097E-03  2.01830E-06  5.85912E-10  8.86345E-14
      41.820910  2.23556E-01  7.73771E-01  2.67023E-03  1.99913E-06  5.85886E-10  8.95192E-14
      42.021011  2.20051E-01  7.77338E-01  2.60921E-03  1.97183E-06  5.88811E-10  9.12798E-14
      42.221111  2.16564E-01  7.80887E-01  2.54648E-03  1.96182E-06  6.05082E-10  9.61466E-14
      42.421211  2.13137E-01  7.84360E-01  2.50069E-03  1.97138E-06  6.27661E-10  1.02213E-13
      42.621311  2.09808E-01  7.87703E-01  2.48704E-03  1.99012E-06  6.43533E-10  1.06099E-13
      42.821411  2.06614E-01  7.90870E-01  2.51459E-03  2.01977E-06  6.53011E-10  1.07787E-13
      43.021511  2.03587E-01  7.93826E-01  2.58516E-03  2.07697E-06  6.68666E-10  1.10268E-13
      43.221611  2.00756E-01  7.96549E-01  2.69362E-03  2.17298E-06  6.98539E-10  1.15359E-13
      43.421711  1.98147E-01  7.99022E-01  2.82905E-03  2.30095E-06  7.38747E-10  1.22116E-13
      43.621811  1.95784E-01  8.01237E-01  2.97665E-03  2.44550E-06  7.84678E-10  1.30002E-13
      43.821911  1.93688E-01  8.03189E-01  3.12008E-03  2.59837E-06  8.41607E-10  1.41487E-13
      44.022011  1.91878E-01  8.04876E-01  3.24376E-03  2.76040E-06  9.18816E-10  1.59676E-13
      44.222111  1.90364E-01  8.06298E-01  3.33475E-03  2.92988E-06  1.01685E-09  1.84433E-13
      44.422211  1.89151E-01  8.07462E-01  3.38390E-03  3.08853E-06  1.12068E-09  2.11214E-13
      44.622311  1.88231E-01  8.08379E-01  3.38671E-03  3.19633E-06  1.20247E-09  2.32915E-13
      44.822411  1.87583E-01  8.09070E-01  3.34464E-03  3.20612E-06  1.23022E-09  2.41714E-13
      45.022511  1.87177E-01  8.09554E-01  3.26647E-03  3.09688E-06  1.18226E-09  2.31079E-13
      45.222611  1.86976E-01  8.09853E-01  3.16870E-03  2.89825E-06  1.06739E-09  2.01762E-13
      45.422711  1.86938E-01  8.09986E-01  3.07315E-03  2.67505E-06  9.25677E-10  1.64455E-13
      45.622811  1.87021E-01  8.09974E-01  3.00189E-03  2.48368E-06  8.00045E-10  1.31969E-13
      45.822911  1.87185E-01  8.09842E-01  2.97089E-03  2.34872E-06  7.11613E-10  1.10595E-13
      46.023012  1.87391E-01  8.09622E-01  2.98477E-03  2.28017E-06  6.63722E-10  9.99161E-14
      46.223112  1.87602E-01  8.09361E-01  3.03453E-03  2.29222E-06  6.60333E-10  9.90408E-14
      46.423212  1.87784E-01  8.09114E-01  3.09932E-03  2.38309E-06  7.03301E-10  1.08249E-13
      46.623312  1.87904E-01  8.08942E-01  3.15214E-03  2.50041E-06  7.67394E-10  1.22503E-13
      46.823412  1.87927E-01  8.08903E-01  3.16829E-03  2.55350E-06  8.00609E-10  1.30242E-13
      47.023512  1.87823E-01  8.09041E-01  3.13362E-03  2.48024E-06  7.65587E-10  1.23050E-13
      47.223612  1.87564E-01  8.09384E-01  3.04948E-03  2.30051E-06  6.74180E-10  1.03708E-13
      47.423712  1.87129E-01  8.09936E-01  2.93261E-03  2.09563E-06  5.74137E-10  8.28744E-14
      47.623812  1.86498E-01  8.10690E-01  2.81034E-03  1.93891E-06  5.05556E-10  6.91086E-14
      47.823912  1.85654E-01  8.11631E-01  2.71290E-03  1.85511E-06  4.76200E-10  6.35311E-14
      48.024012  1.84586E-01  8.12746E-01  2.66544E-03  1.84213E-06  4.77633E-10  6.35943E-14
      48.224112  1.83280E-01  8.14036E-01  2.68184E-03  1.90994E-06  5.13319E-10  6.98222E-14
      48.424212  1.81722E-01  8.15515E-01  2.76157E-03  2.07685E-06  5.97248E-10  8.59131E-14
      48.624312  1.79892E-01  8.17215E-01  2.89011E-03  2.32701E-06  7.24008E-10  1.11752E-13
      48.824412  1.77769E-01  8.19185E-01  3.04274E-03  2.59057E-06  8.53210E-10  1.38891E-13
      49.024512  1.75327E-01  8.21480E-01  3.19070E-03  2.78437E-06  9.36646E-10  1.56373E-13
      49.224612  1.72539E-01  8.24150E-01  3.30813E-03  2.87421E-06  9.60788E-10  1.61059E-13
      49.424712  1.69382E-01  8.27237E-01  3.37815E-03  2.88908E-06  9.52722E-10  1.59476E-13
      49.624812  1.65842E-01  8.30759E-01  3.39666E-03  2.87624E-06  9.44252E-10  1.59013E-13
      49.824912  1.61916E-01  8.34708E-01  3.37321E-03  2.85824E-06  9.43870E-10  1.61012E-13
      50.025013  1.57620E-01  8.39048E-01  3.32897E-03  2.84252E-06  9.50180E-10  1.64605E-13
      50.225113  1.52987E-01  8.43718E-01  3.29202E-03  2.85728E-06  9.80389E-10  1.74519E-13
      50.425213  1.48069E-01  8.48638E-01  3.29075E-03  2.95282E-06  1.06669E-09  1.99812E-13
      50.625313  1.42937E-01  8.53713E-01  3.34652E-03  3.15869E-06  1.21813E-09  2.42055E-13
      50.825413  1.37679E-01  8.58850E-01  3.46752E-03  3.45018E-06  1.39972E-09  2.89258E-13
      51.025513  1.32390E-01  8.63961E-01  3.64554E-03  3.76537E-06  1.56155E-09  3.26603E-13
      51.225613  1.27175E-01  8.68964E-01  3.85699E-03  4.05098E-06  1.67938E-09  3.49377E-13
      51.425713  1.22140E-01  8.73787E-01  4.06831E-03  4.28611E-06  1.75927E-09  3.61782E-13
      51.625813  1.17396E-01  8.78355E-01  4.24441E-03  4.46694E-06  1.81297E-09  3.67997E-13
      51.825913  1.13049E-01  8.82588E-01  4.35764E-03  4.58120E-06  1.84126E-09  3.69432E-13
      52.026013  1.09203E-01  8.86398E-01  4.39456E-03  4.60594E-06  1.84017E-09  3.68247E-13
      52.226113  1.05950E-01  8.89687E-01  4.35879E-03  4.53220E-06  1.81142E-09  3.67247E-13
      52.426213  1.03369E-01  8.92357E-01  4.26898E-03  4.38910E-06  1.76606E-09  3.66796E-13
      52.626313  1.01518E-01  8.94326E-01  4.15253E-03  4.23574E-06  1.72331E-09  3.66374E-13
      52.826413  1.00425E-01  8.95534E-01  4.03704E-03  4.11970E-06  1.69775E-09  3.66483E-13
      53.026513  1.00089E-01  8.95964E-01  3.94295E-03  4.04093E-06  1.68259E-09  3.65860E-13
      53.226613  1.00478E-01  8.95637E-01  3.88018E-03  3.96300E-06  1.64957E-09  3.57647E-13
      53.426713  1.01531E-01  8.94616E-01  3.84918E-03  3.86310E-06  1.57556E-09  3.33887E-13
      53.626813  1.03165E-01  8.92987E-01  3.84430E-03  3.76110E-06  1.47302E-09  2.97358E-13
      53.826913  1.05282E-01  8.90857E-01  3.85720E-03  3.69034E-06  1.37827E-09  2.61418E-13
      54.027014  1.07776E-01  8.88342E-01  3.87873E-03  3.64940E-06  1.30952E-09  2.35648E-13
      54.227114  1.10539E-01  8.85558E-01  3.89926E-03  3.60195E-06  1.25334E-09  2.18267E-13
      54.427214  1.13464E-01  8.82624E-01  3.90776E-03  3.52411E-06  1.19309E-09  2.03279E-13
      54.627314  1.16449E-01  8.79657E-01  3.89126E-03  3.42932E-06  1.13598E-09  1.90725E-13
      54.827414  1.19396E-01  8.76765E-01  3.83628E-03  3.33198E-06  1.09484E-09  1.83844E-13
      55.027514  1.22218E-01  8.74046E-01  3.73286E-03  3.20332E-06  1.05103E-09  1.77960E-13
      55.227614  1.24838E-01  8.71579E-01  3.57975E-03  2.99070E-06  9.65229E-10  1.62639E-13
      55.427714  1.27197E-01  8.69412E-01  3.38828E-03  2.68571E-06  8.27088E-10  1.34897E-13
      55.627814  1.29248E-01  8.67566E-01  3.18297E-03  2.35630E-06  6.75070E-10  1.03610E-13
      55.827914  1.30961E-01  8.66038E-01  2.99830E-03  2.10190E-06  5.64140E-10  8.11254E-14
      56.028014  1.32320E-01  8.64806E-01  2.87229E-03  1.98543E-06  5.22838E-10  7.31107E-14
      56.228114  1.33316E-01  8.63844E-01  2.83827E-03  2.01831E-06  5.47656E-10  7.77423E-14
      56.428214  1.33948E-01  8.63133E-01  2.91675E-03  2.19943E-06  6.34312E-10  9.37183E-14
      56.628314  1.34216E-01  8.62672E-01  3.10950E-03  2.54150E-06  7.97478E-10  1.25641E-13
      56.828414  1.34113E-01  8.62486E-01  3.39752E-03  3.04257E-06  1.04710E-09  1.78101E-13
      57.028514  1.33624E-01  8.62628E-01  3.74373E-03  3.64112E-06  1.35122E-09  2.45179E-13
      57.228614  1.32727E-01  8.63169E-01  4.09963E-03  4.22262E-06  1.63989E-09  3.10126E-13
      57.428714  1.31392E-01  8.64189E-01  4.41482E-03  4.68443E-06  1.85620E-09  3.58935E-13
      57.628814  1.29583E-01  8.65765E-01  4.64736E-03  4.99306E-06  1.99788E-09  3.92429E-13
      57.828914  1.27269E-01  8.67952E-01  4.77337E-03  5.17624E-06  2.10083E-09  4.21721E-13
      58.029015  1.24425E-01  8.70776E-01  4.79345E-03  5.27077E-06  2.18970E-09  4.53269E-13
      58.229115  1.21044E-01  8.74217E-01  4.73394E-03  5.29548E-06  2.26171E-09  4.84248E-13
      58.429215  1.17137E-01  8.78215E-01  4.64199E-03  5.27945E-06  2.32224E-09  5.15286E-13
      58.629315  1.12742E-01  8.82678E-01  4.57522E-03  5.30127E-06  2.42061E-09  5.62326E-13
      58.829415  1.07919E-01  8.87487E-01  4.58812E-03  5.47687E-06  2.63079E-09  6.47365E-13
      59.029515  1.02758E-01  8.92519E-01  4.71771E-03  5.89101E-06  2.98774E-09  7.74073E-13
      59.229615  9.73656E-02  8.97656E-01  4.97181E-03  6.53121E-06  3.44920E-09  9.19261E-13
      59.429715  9.18700E-02  9.02800E-01  5.32321E-03  7.28433E-06  3.92102E-09  1.05105E-12
      59.629815  8.64095E-02  9.07870E-01  5.71286E-03  7.99727E-06  4.31117E-09  1.14706E-12
      59.829915  8.11311E-02  9.12798E-01  6.06228E-03  8.54392E-06  4.56444E-09  1.19732E-12
      60.030015  7.61858E-02  9.17513E-01  6.29253E-03  8.84135E-06  4.65690E-09  1.19940E-12
      60.230115  7.17244E-02  9.21922E-01  6.34435E-03  8.82226E-06  4.56808E-09  1.15355E-12
      60.430215  6.78913E-02  9.25906E-01  6.19423E-03  8.42877E-06  4.27407E-09  1.06033E-12
      60.630315  6.48184E-02  9.29312E-01  5.86168E-03  7.66584E-06  3.77845E-09  9.22556E-13
      60.830415  6.26164E-02  9.31972E-01  5.40515E-03  6.65991E-06  3.15555E-09  7.55842E-13
      61.030515  6.13667E-02  9.33720E-01  4.90738E-03  5.63429E-06  2.54518E-09  5.94360E-13
      61.230615  6.11135E-02  9.34427E-01  4.45502E-03  4.79735E-06  2.07495E-09  4.72403E-13
      61.430715  6.18588E-02  9.34018E-01  4.11884E-03  4.24497E-06  1.78777E-09  4.00974E-13
      61.630815  6.35631E-02  9.32493E-01  3.93999E-03  3.96713E-06  1.64969E-09  3.66885E-13
      61.830915  6.61484E-02  9.29923E-01  3.92499E-03  3.92660E-06  1.61662E-09  3.53363E-13
      62.031016  6.95064E-02  9.26441E-01  4.04883E-03  4.10013E-06  1.67559E-09  3.56461E-13
      62.231116  7.35059E-02  9.22226E-01  4.26407E-03  4.43961E-06  1.81359E-09  3.76712E-13
      62.431216  7.80022E-02  9.17481E-01  4.51210E-03  4.83035E-06  1.97558E-09  4.03878E-13
      62.631316  8.28427E-02  9.12419E-01  4.73363E-03  5.12967E-06  2.08495E-09  4.20301E-13
      62.831416  8.78732E-02  9.07244E-01  4.87717E-03  5.25176E-06  2.10171E-09  4.16935E-13
      63.031516  9.29424E-02  9.02147E-01  4.90571E-03  5.19473E-06  2.04199E-09  3.99745E-13
      63.231616  9.79075E-02  8.97285E-01  4.80206E-03  4.98390E-06  1.93074E-09  3.75737E-13
      63.431716  1.02640E-01  8.92783E-01  4.57250E-03  4.62041E-06  1.75863E-09  3.40011E-13
      63.631816  1.07033E-01  8.88715E-01  4.24752E-03  4.10945E-06  1.51275E-09  2.86618E-13
      63.831916  1.11005E-01  8.85112E-01  3.87910E-03  3.52295E-06  1.22916E-09  2.24105E-13
      64.032016  1.14504E-01  8.81959E-01  3.53378E-03  2.99980E-06  9.86267E-10  1.71870E-13
      64.232116  1.17511E-01  8.79205E-01  3.28200E-03  2.67455E-06  8.51432E-10  1.44960E-13
      64.432216  1.20030E-01  8.76782E-01  3.18494E-03  2.62078E-06  8.49419E-10  1.46675E-13
      64.632316  1.22091E-01  8.74625E-01  3.28149E-03  2.86617E-06  9.86620E-10  1.77238E-13
      64.832416  1.23733E-01  8.72684E-01  3.57870E-03  3.43114E-06  1.28767E-09  2.45525E-13
      65.032516  1.25004E-01  8.70943E-01  4.04825E-03  4.31576E-06  1.77839E-09  3.63674E-13
      65.232616  1.25945E-01  8.69419E-01  4.62991E-03  5.44285E-06  2.42634E-09  5.27116E-13
      65.432716  1.26589E-01  8.68163E-01  5.24148E-03  6.63873E-06  3.12047E-09  7.06472E-13
      65.632816  1.26952E-01  8.67246E-01  5.79358E-03  7.69591E-06  3.72846E-09  8.65570E-13
      65.832916  1.27039E-01  8.66746E-01  6.20654E-03  8.46507E-06  4.17387E-09  9.86255E-13
      66.033017  1.26838E-01  8.66727E-01  6.42591E-03  8.89138E-06  4.45012E-09  1.07133E-12
      66.233117  1.26327E-01  8.67231E-01  6.43301E-03  8.97820E-06  4.56742E-09  1.12407E-12
      66.433217  1.25480E-01  8.68263E-01  6.24825E-03  8.74321E-06  4.51260E-09  1.13456E-12
      66.633317  1.24268E-01  8.69796E-01  5.92692E-03  8.22793E-06  4.27839E-09  1.09335E-12
      66.833417  1.22668E-01  8.71776E-01  5.54852E-03  7.54422E-06  3.92270E-09  1.01530E-12
      67.033517  1.20664E-01  8.74128E-01  5.20144E-03  6.88617E-06  3.57854E-09  9.41059E-13
      67.233617  1.18260E-01  8.76768E-01  4.96548E-03  6.46755E-06  3.38822E-09  9.10004E-13
      67.433717  1.15476E-01  8.79622E-01  4.89552E-03  6.42160E-06  3.41950E-09  9.33312E-13
      67.633817  1.12358E-01  8.82625E-01  5.00972E-03  6.74254E-06  3.64122E-09  9.95312E-13
      67.833917  1.08976E-01  8.85732E-01  5.28505E-03  7.31448E-06  3.96914E-09  1.07456E-12
      68.034017  1.05425E-01  8.88905E-01  5.66129E-03  7.99417E-06  4.32823E-09  1.15760E-12
      68.234117  1.01827E-01  8.92111E-01  6.05322E-03  8.66368E-06  4.67452E-09  1.23793E-12
      68.434217  9.83233E-02  8.95298E-01  6.36915E-03  9.20875E-06  4.95796E-09  1.30355E-12
      68.634317  9.50698E-02  8.98389E-01  6.53187E-03  9.47860E-06  5.08153E-09  1.32672E-12
      68.834417  9.22296E-02  9.01264E-01  6.49675E-03  9.32004E-06  4.93210E-09  1.27420E-12
      69.034517  8.99612E-02  9.03768E-01  6.26178E-03  8.68825E-06  4.47510E-09  1.13541E-12
      69.234617  8.84059E-02  9.05719E-01  5.86714E-03  7.71918E-06  3.81863E-09  9.43804E-13
      69.434717  8.76761E-02  9.06932E-01  5.38506E-03  6.66522E-06  3.15554E-09  7.59056E-13
      69.634817  8.78449E-02  9.07246E-01  4.90320E-03  5.74543E-06  2.62678E-09  6.20610E-13
      69.834917  8.89402E-02  9.06549E-01  4.50588E-03  5.06080E-06  2.26085E-09  5.29405E-13
      70.035018  9.09436E-02  9.04794E-01  4.25748E-03  4.64114E-06  2.03947E-09  4.73581E-13
      70.235118  9.37944E-02  9.02010E-01  4.19140E-03  4.52774E-06  1.97959E-09  4.56773E-13
      70.435218  9.73961E-02  8.98293E-01  4.30611E-03  4.76530E-06  2.12241E-09  4.93337E-13
      70.635318  1.01625E-01  8.93802E-01  4.56756E-03  5.31613E-06  2.45149E-09  5.80066E-13
      70.835418  1.06339E-01  8.88739E-01  4.91629E-03  6.02568E-06  2.86286E-09  6.86798E-13
      71.035518  1.11383E-01  8.83332E-01  5.27777E-03  6.70091E-06  3.23507E-09  7.80328E-13
      71.235618  1.16599E-01  8.77818E-01  5.57489E-03  7.20944E-06  3.50549E-09  8.48040E-13
      71.435718  1.21830E-01  8.72421E-01  5.74154E-03  7.48635E-06  3.65799E-09  8.89920E-13
      71.635818  1.26927E-01  8.67330E-01  5.73542E-03  7.47454E-06  3.65561E-09  8.93052E-13
      71.835918  1.31760E-01  8.62685E-01  5.54802E-03  7.11868E-06  3.44009E-09  8.34269E-13
      72.036018  1.36221E-01  8.58564E-01  5.20891E-03  6.44245E-06  3.01896E-09  7.14860E-13
      72.236118  1.40238E-01  8.54974E-01  4.78234E-03  5.59988E-06  2.50840E-09  5.73256E-13
      72.436218  1.43771E-01  8.51869E-01  4.35543E-03  4.81439E-06  2.06196E-09  4.55836E-13
      72.636318  1.46815E-01  8.49160E-01  4.02015E-03  4.26850E-06  1.77884E-09  3.86594E-13
      72.836418  1.49395E-01  8.46748E-01  3.85300E-03  4.06218E-06  1.69435E-09  3.68991E-13
      73.036518  1.51557E-01  8.44541E-01  3.89721E-03  4.24597E-06  1.83282E-09  4.08604E-13
      73.236618  1.53358E-01  8.42485E-01  4.15189E-03  4.83250E-06  2.21788E-09  5.16444E-13
      73.436718  1.54857E-01  8.40566E-01  4.57101E-03  5.74521E-06  2.80516E-09  6.81371E-13
      73.636818  1.56102E-01  8.38818E-01  5.07316E-03  6.78357E-06  3.44124E-09  8.54353E-13
      73.836918  1.57130E-01  8.37303E-01  5.55961E-03  7.68715E-06  3.93699E-09  9.77331E-13
      74.037019  1.57958E-01  8.36098E-01  5.93558E-03  8.25820E-06  4.18462E-09  1.02477E-12
      74.237119  1.58587E-01  8.35276E-01  6.12907E-03  8.42740E-06  4.18993E-09  1.00857E-12
      74.437219  1.59000E-01  8.34888E-01  6.10341E-03  8.21897E-06  4.00664E-09  9.49898E-13
      74.637319  1.59168E-01  8.34962E-01  5.86209E-03  7.68508E-06  3.67129E-09  8.58029E-13
      74.837419  1.59053E-01  8.35494E-01  5.44613E-03  6.88875E-06  3.20965E-09  7.37728E-13
      75.037519  1.58615E-01  8.36454E-01  4.92512E-03  5.93092E-06  2.67827E-09  6.05140E-13
      75.237619  1.57822E-01  8.37789E-01  4.38421E-03  4.96378E-06  2.16921E-09  4.85363E-13
      75.437719  1.56652E-01  8.39434E-01  3.90998E-03  4.15794E-06  1.77176E-09  3.97465E-13
      75.637819  1.55105E-01  8.41314E-01  3.57763E-03  3.64453E-06  1.53463E-09  3.46512E-13
      75.837919  1.53204E-01  8.43352E-01  3.44062E-03  3.47548E-06  1.45945E-09  3.28034E-13
      76.038019  1.51003E-01  8.45471E-01  3.52293E-03  3.63159E-06  1.52401E-09  3.36994E-13
      76.238119  1.48585E-01  8.47596E-01  3.81464E-03  4.07114E-06  1.71468E-09  3.73743E-13
      76.438219  1.46062E-01  8.49661E-01  4.27206E-03  4.77062E-06  2.04528E-09  4.46361E-13
      76.638319  1.43568E-01  8.51603E-01  4.82372E-03  5.70528E-06  2.53759E-09  5.66204E-13
      76.838419  1.41252E-01  8.53360E-01  5.38190E-03  6.77817E-06  3.16021E-09  7.30779E-13
      77.038519  1.39270E-01  8.54865E-01  5.85768E-03  7.78315E-06  3.78578E-09  9.07303E-13
      77.238619  1.37773E-01  8.56042E-01  6.17653E-03  8.47540E-06  4.23542E-09  1.04136E-12
      77.438719  1.36899E-01  8.56801E-01  6.29160E-03  8.70745E-06  4.39368E-09  1.09368E-12
      77.638819  1.36752E-01  8.57047E-01  6.19231E-03  8.49901E-06  4.28246E-09  1.07029E-12
      77.838919  1.37406E-01  8.56680E-01  5.90661E-03  7.97376E-06  4.00212E-09  1.00418E-12
      78.039020  1.38885E-01  8.55611E-01  5.49594E-03  7.25077E-06  3.61781E-09  9.11507E-13
      78.239120  1.41174E-01  8.53776E-01  5.04375E-03  6.42388E-06  3.15191E-09  7.90014E-13
      78.439220  1.44208E-01  8.51146E-01  4.63962E-03  5.63068E-06  2.67621E-09  6.57497E-13
      78.639320  1.47889E-01  8.47743E-01  4.36228E-03  5.07887E-06  2.34751E-09  5.66516E-13
      78.839420  1.52085E-01  8.43646E-01  4.26432E-03  4.95046E-06  2.31122E-09  5.66957E-13
      79.039520  1.56643E-01  8.38990E-01  4.36150E-03  5.27712E-06  2.57844E-09  6.59317E-13
      79.239620  1.61399E-01  8.33967E-01  4.62830E-03  5.93033E-06  3.03067E-09  7.99599E-13
      79.439720  1.66182E-01  8.28810E-01  5.00119E-03  6.72503E-06  3.53573E-09  9.46306E-13
      79.639820  1.70826E-01  8.23776E-01  5.39024E-03  7.49889E-06  4.01025E-09  1.08104E-12
      79.839920  1.75176E-01  8.19118E-01  5.69778E-03  8.09440E-06  4.36836E-09  1.18174E-12
      80.040020  1.79095E-01  8.15055E-01  5.84094E-03  8.33482E-06  4.48168E-09  1.20513E-12
      80.240120  1.82477E-01  8.11743E-01  5.77214E-03  8.09445E-06  4.25802E-09  1.12106E-12
      80.440220  1.85246E-01  8.09255E-01  5.49173E-03  7.40427E-06  3.74865E-09  9.53850E-13
      80.640320  1.87364E-01  8.07581E-01  5.04881E-03  6.45301E-06  3.12469E-09  7.66597E-13
      80.840420  1.88829E-01  8.06635E-01  4.53012E-03  5.47017E-06  2.54506E-09  6.07674E-13
      81.040520  1.89674E-01  8.06282E-01  4.03939E-03  4.62366E-06  2.08128E-09  4.88419E-13
      81.240620  1.89956E-01  8.06368E-01  3.67193E-03  4.02034E-06  1.76097E-09  4.07460E-13
      81.440720  1.89749E-01  8.06756E-01  3.49105E-03  3.74230E-06  1.62225E-09  3.72877E-13
      81.640820  1.89134E-01  8.07349E-01  3.51320E-03  3.81922E-06  1.67996E-09  3.87745E-13
      81.840920  1.88188E-01  8.08102E-01  3.70667E-03  4.16494E-06  1.86158E-09  4.28214E-13
      82.041021  1.86979E-01  8.09014E-01  4.00273E-03  4.58994E-06  2.03278E-09  4.56285E-13
      82.241121  1.85565E-01  8.10116E-01  4.31453E-03  4.91046E-06  2.10010E-09  4.53089E-13
      82.441221  1.83988E-01  8.11449E-01  4.55766E-03  5.04466E-06  2.06397E-09  4.27707E-13
      82.641321  1.82277E-01  8.13050E-01  4.66786E-03  5.00433E-06  1.97364E-09  3.97090E-13
      82.841421  1.80451E-01  8.14931E-01  4.61249E-03  4.81914E-06  1.85790E-09  3.67640E-13
      83.041521  1.78520E-01  8.17081E-01  4.39434E-03  4.49182E-06  1.70784E-09  3.35383E-13
      83.241621  1.76491E-01  8.19457E-01  4.04773E-03  4.02067E-06  1.50935E-09  2.96352E-13
      83.441721  1.74375E-01  8.21992E-01  3.62952E-03  3.44414E-06  1.27204E-09  2.51711E-13
      83.641821  1.72189E-01  8.24600E-01  3.20833E-03  2.85340E-06  1.02946E-09  2.06000E-13
      83.841921  1.69962E-01  8.27182E-01  2.85402E-03  2.36186E-06  8.24134E-10  1.65562E-13
      84.042021  1.67739E-01  8.29630E-01  2.62830E-03  2.05864E-06  6.90240E-10  1.36944E-13
      84.242121  1.65584E-01  8.31838E-01  2.57624E-03  1.98208E-06  6.43072E-10  1.24287E-13
      84.442221  1.63576E-01  8.33702E-01  2.71932E-03  2.13440E-06  6.84571E-10  1.28806E-13
