#                  t [au]                       00                       01                       0i                       0r                       10                       11                       1i                       1r                       i0                       i1                       ii                       ir                       r0                       r1                       ri                       rr
  0.00000000000000000E+00  1.00000000000000000E+00  0.00000000000000000E+00  0.00000000000000000E+00  0.00000000000000000E+00  0.00000000000000000E+00  0.00000000000000000E+00  0.00000000000000000E+00  0.00000000000000000E+00  0.00000000000000000E+00  0.00000000000000000E+00  0.00000000000000000E+00  0.00000000000000000E+00  0.00000000000000000E+00  0.00000000000000000E+00  0.00000000000000000E+00  0.00000000000000000E+00
  2.06913780383216031E+06  9.99999997943446628E-01  0.00000000000000000E+00  1.02827672991384873E-09  2.66123817185567663E-19  0.00000000000000000E+00  0.00000000000000000E+00  0.00000000000000000E+00  0.00000000000000000E+00  1.02827672991384873E-09  0.00000000000000000E+00  1.05735303545702498E-18  2.73396210633379241E-28  2.66123817185787989E-19  0.00000000000000000E+00  2.73648929050411840E-28  7.07749059654638535E-38
  4.13827560766432062E+06  9.99999988639067361E-01  0.00000000000000000E+00  5.68046631658556849E-09  5.20484658652278395E-18  0.00000000000000000E+00  0.00000000000000000E+00  0.00000000000000000E+00  0.00000000000000000E+00  5.68046631658556849E-09  0.00000000000000000E+00  3.22676979396680265E-17  3.02578689013072451E-26  5.20484658715360921E-18  0.00000000000000000E+00  2.95659560567047689E-26  2.72917063681317972E-35
  6.20741341149648093E+06  9.99999952140343540E-01  0.00000000000000000E+00  2.39298281314600573E-08  3.81143901252769387E-17  0.00000000000000000E+00  0.00000000000000000E+00  0.00000000000000000E+00  0.00000000000000000E+00  2.39298281314600640E-08  0.00000000000000000E+00  5.72636701762821588E-16  9.49211237111835783E-25  3.81143901588078597E-17  0.00000000000000000E+00  9.12070849433480850E-25  1.47487131786811028E-33
  8.27655121532864124E+06  9.99999826860452301E-01  0.00000000000000000E+00  8.65697701980050950E-08  1.97803079676426357E-16  0.00000000000000000E+00  0.00000000000000000E+00  0.00000000000000000E+00  0.00000000000000000E+00  8.65697701980050950E-08  0.00000000000000000E+00  7.49432640885412461E-15  1.77567610176861994E-23  1.97803080292321966E-16  0.00000000000000000E+00  1.71237701685129032E-23  3.97501479049498896E-32
  1.03456890191608015E+07  9.99999475412839067E-01  0.00000000000000000E+00  2.62293545595483376E-07  8.26911900613386797E-16  0.00000000000000000E+00  0.00000000000000000E+00  0.00000000000000000E+00  0.00000000000000000E+00  2.62293545595483376E-07  0.00000000000000000E+00  6.87979401440363072E-14  2.21568239374035168E-22  8.26911906494671040E-16  0.00000000000000000E+00  2.16893769606091363E-22  6.90646918458453344E-31
  1.24148268229929619E+07  9.99998642896421153E-01  0.00000000000000000E+00  6.78551556579236577E-07  2.89249817992936569E-15  0.00000000000000000E+00  0.00000000000000000E+00  0.00000000000000000E+00  0.00000000000000000E+00  6.78551556579236577E-07  0.00000000000000000E+00  4.60432839767194633E-13  1.96478467116790963E-21  2.89249821011170654E-15  0.00000000000000000E+00  1.96271182632862870E-21  8.37002367665845704E-30
  1.44839646268251222E+07  9.99996909699938596E-01  0.00000000000000000E+00  1.54514882848575743E-06  8.69422897116349831E-15  0.00000000000000000E+00  0.00000000000000000E+00  0.00000000000000000E+00  0.00000000000000000E+00  1.54514882848575743E-06  0.00000000000000000E+00  2.38749228043373012E-12  1.31364968244411412E-20  8.69422900386641975E-15  0.00000000000000000E+00  1.34339192749512348E-20  7.47387257321150126E-29
  1.65531024306572825E+07  9.99993641270946698E-01  0.00000000000000000E+00  3.17935944971437083E-06  2.29802502322101936E-14  0.00000000000000000E+00  0.00000000000000000E+00  0.00000000000000000E+00  0.00000000000000000E+00  3.17935944971437168E-06  0.00000000000000000E+00  1.01083907902333181E-11  6.96008609534816632E-20  2.29802494058134311E-14  0.00000000000000000E+00  7.30629377061895032E-20  5.15239239555659988E-28
  1.86222402344894409E+07  9.99987937585730124E-01  0.00000000000000000E+00  6.03118889300621490E-06  5.44217096354329606E-14  0.00000000000000000E+00  0.00000000000000000E+00  0.00000000000000000E+00  0.00000000000000000E+00  6.03118889300621998E-06  0.00000000000000000E+00  3.63756782667280987E-11  3.03693011652506538E-19  5.44217011310084401E-14  0.00000000000000000E+00  3.28231518816396315E-19  2.84718711722109801E-27
  2.06913780383216031E+07  9.99978585239734930E-01  0.00000000000000000E+00  1.07073226910692367E-05  1.17161504007057879E-13  0.00000000000000000E+00  0.00000000000000000E+00  0.00000000000000000E+00  0.00000000000000000E+00  1.07073226910692689E-05  0.00000000000000000E+00  1.14649214536662359E-10  1.12304198929339608E-18  1.17161451760528859E-13  0.00000000000000000E+00  1.25451233712984639E-18  1.29804741183306205E-26
  2.27605158421537653E+07  9.99964015131689088E-01  0.00000000000000000E+00  1.79922720570351064E-05  2.31930228645708764E-13  0.00000000000000000E+00  0.00000000000000000E+00  0.00000000000000000E+00  0.00000000000000000E+00  1.79922720570352419E-05  0.00000000000000000E+00  3.23733503915641054E-10  3.59542397761559648E-18  2.31929982532727759E-13  0.00000000000000000E+00  4.17309751830563925E-18  4.99303218325660728E-26
  2.48296536459859237E+07  9.99942268623086883E-01  0.00000000000000000E+00  2.88652714042788886E-05  4.26432822186631556E-13  0.00000000000000000E+00  0.00000000000000000E+00  0.00000000000000000E+00  0.00000000000000000E+00  2.88652714042794307E-05  0.00000000000000000E+00  8.33252000460562697E-10  1.01321078842015833E-17  4.26431856387542599E-13  0.00000000000000000E+00  1.23097819579882712E-17  1.65197117894122174E-25
  2.68987914498180822E+07  9.99910974811598630E-01  0.00000000000000000E+00  4.45116027347866632E-05  7.36288696159947537E-13  0.00000000000000000E+00  0.00000000000000000E+00  0.00000000000000000E+00  0.00000000000000000E+00  4.45116027347885063E-05  0.00000000000000000E+00  1.98145918602139920E-09  2.55162480381141547E-17  7.36285400382364093E-13  0.00000000000000000E+00  3.27761612512627758E-17  4.79912587201458731E-25
  2.89679292536502443E+07  9.99867341165612711E-01  0.00000000000000000E+00  6.63272160394285379E-05  1.21239625619773235E-12  0.00000000000000000E+00  0.00000000000000000E+00  0.00000000000000000E+00  0.00000000000000000E+00  6.63272160394342029E-05  0.00000000000000000E+00  4.39988329605289649E-09  5.85126792011821776E-17  1.21238619908223733E-12  0.00000000000000000E+00  8.04248707891060749E-17  1.25966612493264844E-24
  3.10370670574824065E+07  9.99808159241484917E-01  0.00000000000000000E+00  9.59157765057807286E-05  1.95058783512672354E-12  0.00000000000000000E+00  0.00000000000000000E+00  0.00000000000000000E+00  0.00000000000000000E+00  9.59157765057966528E-05  0.00000000000000000E+00  9.20160149571941210E-09  1.26015487915775252E-16  1.95055979908626027E-12  0.00000000000000000E+00  1.87125357227592099E-16  3.12706506243276101E-24
  3.31062048613145649E+07  9.99729826569407676E-01  0.00000000000000000E+00  1.35077586674987556E-04  3.17779681018427902E-12  0.00000000000000000E+00  0.00000000000000000E+00  0.00000000000000000E+00  0.00000000000000000E+00  1.35077586675029406E-04  0.00000000000000000E+00  1.82508855139396252E-08  2.68812633234435018E-16  3.17772406077963259E-12  0.00000000000000000E+00  4.29355301518033929E-16  7.88800781687878502E-24
  3.51753426651467234E+07  9.99628385081547166E-01  0.00000000000000000E+00  1.85790188353326447E-04  5.45864065637114160E-12  0.00000000000000000E+00  0.00000000000000000E+00  0.00000000000000000E+00  0.00000000000000000E+00  1.85790188353430856E-04  0.00000000000000000E+00  3.45308267348185228E-08  6.09686071745241325E-16  5.45846172327637001E-12  0.00000000000000000E+00  1.01450564989398655E-15  2.21933724323745025E-23
  3.72444804689788818E+07  9.99499575707853083E-01  0.00000000000000000E+00  2.50180825049895123E-04  1.01294273699620335E-11  0.00000000000000000E+00  0.00000000000000000E+00  0.00000000000000000E+00  0.00000000000000000E+00  2.50180825050146658E-04  0.00000000000000000E+00  6.26217838591971710E-08  1.53868413995587273E-15  1.01290025931935710E-11  0.00000000000000000E+00  2.53535102110394130E-15  7.49060708105317636E-23
  3.93136182728110477E+07  9.99338908025615424E-01  0.00000000000000000E+00  3.30491318678522296E-04  2.01232417235208787E-11  0.00000000000000000E+00  0.00000000000000000E+00  0.00000000000000000E+00  0.00000000000000000E+00  3.30491318679115409E-04  0.00000000000000000E+00  1.09296769791897480E-07  4.22738445265420896E-15  2.01222518150146319E-11  0.00000000000000000E+00  6.65462901821824957E-15  3.00441866181524721E-22
  4.13827560766432062E+07  9.99141743164226659E-01  0.00000000000000000E+00  4.29036261336214648E-04  4.14170214955037891E-11  0.00000000000000000E+00  0.00000000000000000E+00  0.00000000000000000E+00  0.00000000000000000E+00  4.29036261337595868E-04  0.00000000000000000E+00  1.84230237264636798E-07  1.18980986073724101E-14  4.14147269740725381E-11  0.00000000000000000E+00  1.77836831796925782E-14  1.31700503906064218E-21
  4.34518938804753646E+07  9.98903387579404001E-01  0.00000000000000000E+00  5.48155722567111653E-04  8.54026017696944868E-11  0.00000000000000000E+00  0.00000000000000000E+00  0.00000000000000000E+00  0.00000000000000000E+00  5.48155722570301592E-04  0.00000000000000000E+00  3.00804578584985230E-07  3.26599493370329327E-14  8.53972772546095745E-11  0.00000000000000000E+00  4.68623982696100952E-14  5.78580486003550048E-21
  4.55210316843075305E+07  9.98619194857216286E-01  0.00000000000000000E+00  6.90163906304381192E-04  1.72547781894689685E-10  0.00000000000000000E+00  0.00000000000000000E+00  0.00000000000000000E+00  0.00000000000000000E+00  6.90163906311679174E-04  0.00000000000000000E+00  4.76984879270745231E-07  8.53253822293192518E-14  1.72535423457960566E-10  0.00000000000000000E+00  1.19242380156904414E-13  2.41779689427601654E-20
  4.75901694881396890E+07  9.98284672413055629E-01  0.00000000000000000E+00  8.57295346343493595E-04  3.37756471755210643E-10  0.00000000000000000E+00  0.00000000000000000E+00  0.00000000000000000E+00  0.00000000000000000E+00  8.57295346359962518E-04  0.00000000000000000E+00  7.36218255397292314E-07  2.10470581091045682E-13  3.37727962397466572E-10  0.00000000000000000E+00  2.90030134717021618E-13  9.39504720914136323E-20
  4.96593072919718474E+07  9.97895589826610419E-01  0.00000000000000000E+00  1.05165029784948304E-03  6.37843411122280019E-10  0.00000000000000000E+00  0.00000000000000000E+00  0.00000000000000000E+00  0.00000000000000000E+00  1.05165029788593608E-03  0.00000000000000000E+00  1.10830086945064389E-06  4.90085744028414183E-13  6.37778591716009724E-10  0.00000000000000000E+00  6.72134585723378620E-13  3.37284191506613266E-19
  5.17284450958040059E+07  9.97448085598850676E-01  0.00000000000000000E+00  1.27514096537349373E-03  1.16149505988735298E-09  0.00000000000000000E+00  0.00000000000000000E+00  0.00000000000000000E+00  0.00000000000000000E+00  1.27514096545223391E-03  0.00000000000000000E+00  1.63014491200012508E-06  1.08038496380546259E-12  1.16135092128288133E-09  0.00000000000000000E+00  1.48467519818889991E-12  1.11980742714370917E-18
  5.37975828996361643E+07  9.96938769314467343E-01  0.00000000000000000E+00  1.52944011276761271E-03  2.04198629193940820E-09  0.00000000000000000E+00  0.00000000000000000E+00  0.00000000000000000E+00  0.00000000000000000E+00  1.52944011293295787E-03  0.00000000000000000E+00  2.34637077508858151E-06  2.26352730011951205E-12  2.04167457762880341E-09  0.00000000000000000E+00  3.13220832472607749E-12  3.45210622856102890E-18
  5.58667207034683302E+07  9.96364816513827578E-01  0.00000000000000000E+00  1.81593344137331142E-03  3.47276578936427970E-09  0.00000000000000000E+00  0.00000000000000000E+00  0.00000000000000000E+00  0.00000000000000000E+00  1.81593344171003101E-03  0.00000000000000000E+00  3.30964735731662239E-06  4.52487282635453844E-12  3.47211247235501625E-09  0.00000000000000000E+00  6.32813173327100460E-12  9.93092032079688565E-18
  5.79358585073004887E+07  9.95724053983497170E-01  0.00000000000000000E+00  2.13567691899810242E-03  5.72583043629402836E-09  0.00000000000000000E+00  0.00000000000000000E+00  0.00000000000000000E+00  0.00000000000000000E+00  2.13567691966231286E-03  0.00000000000000000E+00  4.58070656471665311E-06  8.66264913910134609E-12  5.72450564445666605E-09  0.00000000000000000E+00  1.22782028539497147E-11  2.67964413334714790E-17
  6.00049963111326471E+07  9.95015033619811917E-01  0.00000000000000000E+00  2.48936001530003113E-03  9.17261740963122546E-09  0.00000000000000000E+00  0.00000000000000000E+00  0.00000000000000000E+00  0.00000000000000000E+00  2.48936001656883303E-03  0.00000000000000000E+00  6.22796680336426682E-06  1.59362563595334675E-11  9.17001935314520119E-09  0.00000000000000000E+00  2.29418631814588661E-11  6.81490779556731897E-17
  6.20741341149648130E+07  9.94237093462131405E-01  0.00000000000000000E+00  2.87727557120530429E-03  1.43070047250539444E-08  0.00000000000000000E+00  0.00000000000000000E+00  0.00000000000000000E+00  0.00000000000000000E+00  2.87727557355337655E-03  0.00000000000000000E+00  8.32671438151079794E-06  2.82577383293477649E-11  1.43020751097754637E-08  0.00000000000000000E+00  4.13895836552435390E-11  1.64096012568094175E-16
  6.41432719187969714E+07  9.93390404892919410E-01  0.00000000000000000E+00  3.29929682028057975E-03  2.17699867369991798E-08  0.00000000000000000E+00  0.00000000000000000E+00  0.00000000000000000E+00  0.00000000000000000E+00  3.29929682449397630E-03  0.00000000000000000E+00  1.09578106872553854E-05  4.84282404631562995E-11  2.17609282898403567E-08  0.00000000000000000E+00  7.22735748917465132E-11  3.75659891798828719E-16
  6.62124097226291299E+07  9.92476005332403877E-01  0.00000000000000000E+00  3.75486190305936553E-03  3.23757327273270537E-08  0.00000000000000000E+00  0.00000000000000000E+00  0.00000000000000000E+00  0.00000000000000000E+00  3.75486191039877369E-03  0.00000000000000000E+00  1.42059159652189885E-05  8.04178144725946343E-11  3.23595922389651689E-08  0.00000000000000000E+00  1.22427201970988641E-10  8.20752353076017107E-16
  6.82815475264612883E+07  9.91495816001418451E-01  0.00000000000000000E+00  4.24296607907605639E-03  4.71390690268899823E-08  0.00000000000000000E+00  0.00000000000000000E+00  0.00000000000000000E+00  0.00000000000000000E+00  4.24296609150365007E-03  0.00000000000000000E+00  1.81572464977177579E-05  1.29683079012670816E-10  4.71111422500799625E-08  0.00000000000000000E+00  2.01606041630023042E-10  1.71747201700446629E-15
  7.03506853302934468E+07  9.90452644487234690E-01  0.00000000000000000E+00  4.76216174630540289E-03  6.73049263484996251E-08  0.00000000000000000E+00  0.00000000000000000E+00  0.00000000000000000E+00  0.00000000000000000E+00  4.76216176679135090E-03  0.00000000000000000E+00  2.28969099069279672E-05  2.03513259861316836E-10  6.72579346671590733E-08  0.00000000000000000E+00  3.23381797634275162E-10  3.45353757819828680E-15
  7.24198231341256052E+07  9.89350171938320644E-01  0.00000000000000000E+00  5.31056631722890901E-03  9.43808842959376873E-08  0.00000000000000000E+00  0.00000000000000000E+00  0.00000000000000000E+00  0.00000000000000000E+00  5.31056635015583582E-03  0.00000000000000000E+00  2.85058919427120031E-05  3.11390895544458399E-10  9.43038676382522985E-08  0.00000000000000000E+00  5.06200304544307321E-10  6.69398908019584330E-15
  7.44889609379577637E+07  9.88192924761526759E-01  0.00000000000000000E+00  5.88587796238361754E-03  1.30174488797396719E-07  0.00000000000000000E+00  0.00000000000000000E+00  0.00000000000000000E+00  0.00000000000000000E+00  5.88587801407038872E-03  0.00000000000000000E+00  3.50577961953762849E-05  4.65348317007293282E-10  1.30051354920142602E-07  0.00000000000000000E+00  7.74617094158838632E-10  1.25436729768718313E-14
  7.65580987417899370E+07  9.86986230733507219E-01  0.00000000000000000E+00  6.48539919975919723E-03  1.76837343945469701E-07  0.00000000000000000E+00  0.00000000000000000E+00  0.00000000000000000E+00  0.00000000000000000E+00  6.48539927913002398E-03  0.00000000000000000E+00  4.26154642024672615E-05  6.80293686110720560E-10  1.76645010920063481E-07  0.00000000000000000E+00  1.16072783028074017E-09  2.27868811053063705E-14
  7.86272365456220955E+07  9.85736159503976861E-01  0.00000000000000000E+00  7.10606826441435250E-03  2.36917914285693820E-07  0.00000000000000000E+00  0.00000000000000000E+00  0.00000000000000000E+00  0.00000000000000000E+00  7.10606838384573829E-03  0.00000000000000000E+00  5.12276257418212152E-05  9.74269609941119533E-10  2.36623980805951448E-07  0.00000000000000000E+00  1.70581418091347368E-09  4.02343213619543058E-14
  8.06963743494542539E+07  9.84449447595378668E-01  0.00000000000000000E+00  7.74449812141149007E-03  3.13424382764169855E-07  0.00000000000000000E+00  0.00000000000000000E+00  0.00000000000000000E+00  0.00000000000000000E+00  7.74449829779811239E-03  0.00000000000000000E+00  6.09257458801636532E-05  1.36859255658321814E-09  3.12984260312199915E-07  0.00000000000000000E+00  2.46222475616789919E-09  6.92177583258662414E-14
  8.27655121532864124E+07  9.83133408217014337E-01  0.00000000000000000E+00  8.39702287496027662E-03  4.09897732068242814E-07  0.00000000000000000E+00  0.00000000000000000E+00  0.00000000000000000E+00  0.00000000000000000E+00  8.39702313105027999E-03  0.00000000000000000E+00  7.17212446445687768E-05  1.88780360105490751E-09  4.09251175565812784E-07  0.00000000000000000E+00  3.49550102581478541E-09  1.16285234518318737E-13
  8.48346499571185708E+07  9.81795826524854864E-01  0.00000000000000000E+00  9.05975117186440075E-03  5.30493480679602385E-07  0.00000000000000000E+00  0.00000000000000000E+00  0.00000000000000000E+00  0.00000000000000000E+00  9.05975153792286901E-03  0.00000000000000000E+00  8.36032651419745979E-05  2.55934398417872778E-09  5.29560462972221790E-07  0.00000000000000000E+00  4.88673513446089203E-09  1.91164130151679187E-13
  8.69037877609507293E+07  9.80444841369584208E-01  0.00000000000000000E+00  9.72862599936259731E-03  6.80068318785440008E-07  0.00000000000000000E+00  0.00000000000000000E+00  0.00000000000000000E+00  0.00000000000000000E+00  9.72862651522502994E-03  0.00000000000000000E+00  9.65371550199901858E-05  3.41285858294252920E-09  6.78744213576779817E-07  0.00000000000000000E+00  6.73510700302339456E-09  3.08073684949372099E-13
  8.89729255647828877E+07  9.79088815068763663E-01  0.00000000000000000E+00  1.03994900446786314E-02  8.64265417284728902E-07  0.00000000000000000E+00  0.00000000000000000E+00  0.00000000000000000E+00  0.00000000000000000E+00  1.03994907622499810E-02  0.00000000000000000E+00  1.10463803385236906E-04  4.47903407820110506E-09  8.62415490348366189E-07  0.00000000000000000E+00  9.16049112110264964E-09  4.87479675294997601E-13
  9.10420633686150610E+07  9.77736193284932886E-01  0.00000000000000000E+00  1.10681555305689131E-02  1.08958961228031933E-06  0.00000000000000000E+00  0.00000000000000000E+00  0.00000000000000000E+00  0.00000000000000000E+00  1.10681565168024281E-02  0.00000000000000000E+00  1.25299940591797260E-04  5.78790308059491772E-09  1.08704287711289332E-06  0.00000000000000000E+00  1.23059511052567498E-08  7.58386462572759926E-13
  9.31112011724472195E+07  9.76395357651022366E-01  0.00000000000000000E+00  1.17304771866854323E-02  1.36346118760538384E-06  0.00000000000000000E+00  0.00000000000000000E+00  0.00000000000000000E+00  0.00000000000000000E+00  1.17304785270356433E-02  0.00000000000000000E+00  1.40939462691446653E-04  7.36659416121401268E-09  1.36000376239130020E-06  0.00000000000000000E+00  1.63398578284884713E-08  1.16124823503557543E-12
  9.51803389762793779E+07  9.75074474313541328E-01  0.00000000000000000E+00  1.23824267813875937E-02  1.69423478864055639E-06  0.00000000000000000E+00  0.00000000000000000E+00  0.00000000000000000E+00  0.00000000000000000E+00  1.23824285836708521E-02  0.00000000000000000E+00  1.57255788000487125E-04  9.23657858643669461E-09  1.68960299575432016E-06  0.00000000000000000E+00  2.14572833870712886E-08  1.75154270209987429E-12
  9.72494767801115364E+07  9.73781342018628759E-01  0.00000000000000000E+00  1.30201674428338347E-02  2.09116834465764986E-06  0.00000000000000000E+00  0.00000000000000000E+00  0.00000000000000000E+00  0.00000000000000000E+00  1.30201698413501370E-02  0.00000000000000000E+00  1.74105193521932990E-04  1.14105493241582158E-08  2.08504191548924035E-06  0.00000000000000000E+00  2.78802501722699471E-08  2.60397658433694861E-12
  9.93186145839436948E+07  9.72523243707123508E-01  0.00000000000000000E+00  1.36401258588531912E-02  2.56432608498244590E-06  0.00000000000000000E+00  0.00000000000000000E+00  0.00000000000000000E+00  0.00000000000000000E+00  1.36401290185304679E-02  0.00000000000000000E+00  1.91331018110340960E-04  1.38891534078098957E-08  2.55632195853692976E-06  0.00000000000000000E+00  3.58563666265381590E-08  3.81717389225753111E-12
  1.01387752387775853E+08  9.71306805782155780E-01  0.00000000000000000E+00  1.42390603744925095E-02  3.12440025194312191E-06  0.00000000000000000E+00  0.00000000000000000E+00  0.00000000000000000E+00  0.00000000000000000E+00  1.42390644947205207E-02  0.00000000000000000E+00  2.08768562046632452E-04  1.66578701108168847E-08  3.11406756613980220E-06  0.00000000000000000E+00  4.56553760864293774E-08  5.51853058325187124E-12
  1.03456890191608012E+08  9.70136666233433309E-01  0.00000000000000000E+00  1.48147146178322850E-02  3.78315179847565337E-06  0.00000000000000000E+00  0.00000000000000000E+00  0.00000000000000000E+00  0.00000000000000000E+00  1.48147199369965954E-02  0.00000000000000000E+00  2.26268822518883091E-04  1.96876329197789252E-08  3.76996549729141576E-06  0.00000000000000000E+00  5.75764165089183778E-08  7.87151491781468982E-12
  1.05526027995440170E+08  9.69015559406424032E-01  0.00000000000000000E+00  1.53657719885429370E-02  4.55354863313837916E-06  0.00000000000000000E+00  0.00000000000000000E+00  0.00000000000000000E+00  0.00000000000000000E+00  1.53657787888025511E-02  0.00000000000000000E+00  2.43704467105965882E-04  2.29354012098494798E-08  4.53690259567537994E-06  0.00000000000000000E+00  7.19514083421919979E-08  1.10838752139923626E-11
  1.07595165799272329E+08  9.67945561523687159E-01  0.00000000000000000E+00  1.58912406310845154E-02  5.44901360182767946E-06  0.00000000000000000E+00  0.00000000000000000E+00  0.00000000000000000E+00  0.00000000000000000E+00  1.58912492413983003E-02  0.00000000000000000E+00  2.60955882992539544E-04  2.63427680390582561E-08  5.42821753736063736E-06  0.00000000000000000E+00  8.91315152222692221E-08  1.54128719743735749E-11
  1.09664303603104502E+08  9.66928033995145819E-01  0.00000000000000000E+00  1.63904804408865554E-02  6.48304001893417455E-06  0.00000000000000000E+00  0.00000000000000000E+00  0.00000000000000000E+00  0.00000000000000000E+00  1.63904912386266081E-02  0.00000000000000000E+00  2.77914629287178013E-04  2.98374473770444987E-08  6.45731868642427395E-06  0.00000000000000000E+00  1.09478728227884622E-07  2.11704213378010495E-11
  1.11733441406936660E+08  9.65963580998993043E-01  0.00000000000000000E+00  1.68632231763894552E-02  7.66872135355233050E-06  0.00000000000000000E+00  0.00000000000000000E+00  0.00000000000000000E+00  0.00000000000000000E+00  1.68632365871614134E-02  0.00000000000000000E+00  2.94486579766895570E-04  3.33360077987130599E-08  7.63721644524121948E-06  0.00000000000000000E+00  1.33355153576532755E-07  2.87262123822113501E-11
  1.13802579210768819E+08  9.65052025336420427E-01  0.00000000000000000E+00  1.73095837457976007E-02  9.01821098720852474E-06  0.00000000000000000E+00  0.00000000000000000E+00  0.00000000000000000E+00  0.00000000000000000E+00  1.73096002411840533E-02  0.00000000000000000E+00  3.10594583161366339E-04  3.67477221611083698E-08  8.97998582280629492E-06  0.00000000000000000E+00  1.61110393713870594E-07  3.85078340572215645E-11
  1.15871717014600977E+08  9.64192405774881744E-01  0.00000000000000000E+00  1.77300611113886258E-02  1.05421383392949382E-05  0.00000000000000000E+00  0.00000000000000000E+00  0.00000000000000000E+00  0.00000000000000000E+00  1.77300812044734087E-02  0.00000000000000000E+00  3.26180487660157885E-04  3.99792866409309404E-08  1.04961852785369610E-05  0.00000000000000000E+00  1.93067691788024671E-07  5.09970021035577261E-11
  1.17940854818433136E+08  9.63382998171574578E-01  0.00000000000000000E+00  1.81255276899647093E-02  1.22490178309608348E-05  0.00000000000000000E+00  0.00000000000000000E+00  0.00000000000000000E+00  0.00000000000000000E+00  1.81255519286733814E-02  0.00000000000000000E+00  3.41206407330428595E-04  4.29400780033604223E-08  1.21942680549753100E-05  0.00000000000000000E+00  2.29509768899198822E-07  6.67211970855021601E-11
  1.20009992622265294E+08  9.62621361643924867E-01  0.00000000000000000E+00  1.84972066119947244E-02  1.41446957041313722E-05  0.00000000000000000E+00  0.00000000000000000E+00  0.00000000000000000E+00  0.00000000000000000E+00  1.84972355704825474E-02  0.00000000000000000E+00  3.55655147825664167E-04  4.55475703490452117E-08  1.40800307737548542E-05  0.00000000000000000E+00  2.70665480516931015E-07  8.62404368350256813E-11
  1.22079130426097453E+08  9.61904409962820339E-01  0.00000000000000000E+00  1.88466367195645676E-02  1.62318851453112348E-05  0.00000000000000000E+00  0.00000000000000000E+00  0.00000000000000000E+00  0.00000000000000000E+00  1.88466709880788091E-02  0.00000000000000000E+00  3.69529753672515353E-04  4.77325195154987296E-08  1.61561495523359989E-05  0.00000000000000000E+00  3.16698514086230157E-07  1.10129506514674838E-10
  1.24148268229929626E+08  9.61228507224855200E-01  0.00000000000000000E+00  1.91756257187777508E-02  1.85098411992421009E-05  0.00000000000000000E+00  0.00000000000000000E+00  0.00000000000000000E+00  0.00000000000000000E+00  1.91756658925952492E-02  0.00000000000000000E+00  3.82852185742537222E-04  4.94435383294232306E-08  1.84218550153225727E-05  0.00000000000000000E+00  3.67699316615789562E-07  1.38956713841783801E-10
  1.26217406033761784E+08  9.60589585750740049E-01  0.00000000000000000E+00  1.94861924390065805E-02  2.09742227635550789E-05  0.00000000000000000E+00  0.00000000000000000E+00  0.00000000000000000E+00  0.00000000000000000E+00  1.94862391071825083E-02  0.00000000000000000E+00  3.95661181568387067E-04  5.06507227328146096E-08  2.08727934819613899E-05  0.00000000000000000E+00  4.23681270193076496E-07  1.73261038269537264E-10
  1.28286543837593943E+08  9.59983283097412210E-01  0.00000000000000000E+00  1.97804996715800763E-02  2.36171793443066355E-05  0.00000000000000000E+00  0.00000000000000000E+00  0.00000000000000000E+00  0.00000000000000000E+00  1.97805534063240848E-02  0.00000000000000000E+00  4.08009389814279085E-04  5.13480446226466123E-08  2.35011121087270978E-05  0.00000000000000000E+00  4.84581838399538730E-07  2.13530275327628762E-10
  1.30355681641426101E+08  9.59405094099965550E-01  0.00000000000000000E+00  2.00607795453256570E-02  2.64276857648079693E-05  0.00000000000000000E+00  0.00000000000000000E+00  0.00000000000000000E+00  0.00000000000000000E+00  2.00608408928402530E-02  0.00000000000000000E+00  4.19959901213934502E-04  5.15543035157402962E-08  2.62957913781750492E-05  0.00000000000000000E+00  5.50269021791172301E-07  2.60183295635044672E-10
  1.32424819445258260E+08  9.58850533013776318E-01  0.00000000000000000E+00  2.03292538264320394E-02  2.93921298857280368E-05  0.00000000000000000E+00  0.00000000000000000E+00  0.00000000000000000E+00  0.00000000000000000E+00  2.03293233000010343E-02  0.00000000000000000E+00  4.31582320510846070E-04  5.13125294933956559E-08  2.92432302673678033E-05  0.00000000000000000E+00  6.20553034615811722E-07  3.13559707498023959E-10
  1.34493957249090433E+08  9.58315300142528859E-01  0.00000000000000000E+00  2.05880518858820305E-02  3.24951383701169456E-05  0.00000000000000000E+00  0.00000000000000000E+00  0.00000000000000000E+00  0.00000000000000000E+00  2.05881299618884961E-02  0.00000000000000000E+00  4.42948537403443389E-04  5.06878557655115190E-08  3.23280694477037111E-05  0.00000000000000000E+00  6.95202700893790309E-07  3.73919942812852983E-10
  1.36563095052922577E+08  9.57795446846423482E-01  0.00000000000000000E+00  2.08391293405316320E-02  3.57206056493508583E-05  0.00000000000000000E+00  0.00000000000000000E+00  0.00000000000000000E+00  0.00000000000000000E+00  2.08392164579221315E-02  0.00000000000000000E+00  4.54128360279751277E-04  4.97640252265419722E-08  3.55342179948623711E-05  0.00000000000000000E+00  7.73965712713905571E-07  4.41458063222513982E-10
  1.38632232856754750E+08  9.57287532554390586E-01  0.00000000000000000E+00  2.10841905269798131E-02  3.90528735430669947E-05  0.00000000000000000E+00  0.00000000000000000E+00  0.00000000000000000E+00  0.00000000000000000E+00  2.10842870904853728E-02  0.00000000000000000E+00  4.65185176442393152E-04  4.86388462506860515E-08  3.88460313528404835E-05  0.00000000000000000E+00  8.56591628693785416E-07  5.16328481197151272E-10
  1.40701370660586894E+08  9.56788767376409610E-01  0.00000000000000000E+00  2.13246179969785281E-02  4.24779952016275620E-05  0.00000000000000000E+00  0.00000000000000000E+00  0.00000000000000000E+00  0.00000000000000000E+00  2.13247243841647484E-02  0.00000000000000000E+00  4.76171798733632191E-04  4.74190437802291658E-08  4.22495744513385227E-05  0.00000000000000000E+00  9.42856327646394113E-07  5.98686464719253347E-10
  1.42770508464419067E+08  9.56297134141290361E-01  0.00000000000000000E+00  2.15614121199144936E-02  4.59850084141664729E-05  0.00000000000000000E+00  0.00000000000000000E+00  0.00000000000000000E+00  0.00000000000000000E+00  2.15615286918760807E-02  0.00000000000000000E+00  4.87126652991258448E-04  4.62150322346351649E-08  4.57338951737823945E-05  0.00000000000000000E+00  1.03258656365554477E-06  6.88740953022782278E-10
  1.44839646268251210E+08  9.55811484176662729E-01  0.00000000000000000E+00  2.17951436379710435E-02  4.95671404638766292E-05  0.00000000000000000E+00  0.00000000000000000E+00  0.00000000000000000E+00  0.00000000000000000E+00  2.17952707532211368E-02  0.00000000000000000E+00  4.98070455018312288E-04  4.51361387322280858E-08  4.92922304325342956E-05  0.00000000000000000E+00  1.12568327171051692E-06  7.86817071238298946E-10
  1.46908784072083384E+08  9.55331601896240112E-01  0.00000000000000000E+00  2.20259216454245059E-02  5.32228695487017465E-05  0.00000000000000000E+00  0.00000000000000000E+00  0.00000000000000000E+00  0.00000000000000000E+00  2.20260596762682503E-02  0.00000000000000000E+00  5.09003520186129149E-04  4.42867111734337301E-08  5.29230698740244349E-05  0.00000000000000000E+00  1.22214231943363852E-06  8.93424970484834147E-10
  1.48977921875915527E+08  9.54858234248054383E-01  0.00000000000000000E+00  2.22533789644867794E-02  5.69567756386852461E-05  0.00000000000000000E+00  0.00000000000000000E+00  0.00000000000000000E+00  0.00000000000000000E+00  2.22535283149231482E-02  0.00000000000000000E+00  5.19903842705505799E-04  4.37633566724368786E-08  5.66310100358959022E-05  0.00000000000000000E+00  1.32207146485999980E-06  1.00933133184729903E-09
  1.51047059679747701E+08  9.54393082277983584E-01  0.00000000000000000E+00  2.24766762824044238E-02  6.07801253467402141E-05  0.00000000000000000E+00  0.00000000000000000E+00  0.00000000000000000E+00  0.00000000000000000E+00  2.24768374063815217E-02  0.00000000000000000E+00  5.30726073160699748E-04  4.36532943933384185E-08  6.04273434482157249E-05  0.00000000000000000E+00  1.42570234768943834E-06  1.13563004564804165E-09
  1.53116197483579874E+08  9.53938753435901288E-01  0.00000000000000000E+00  2.26945257207692604E-02  6.47111494887421833E-05  0.00000000000000000E+00  0.00000000000000000E+00  0.00000000000000000E+00  0.00000000000000000E+00  2.26946991394398057E-02  0.00000000000000000E+00  5.41401509413514791E-04  4.40335164811342623E-08  6.43303412476421254E-05  0.00000000000000000E+00  1.53339641151790708E-06  1.27380908806547296E-09
  1.55185335287412018E+08  9.53498674747395247E-01  0.00000000000000000E+00  2.29052337560919778E-02  6.87749869706147084E-05  0.00000000000000000E+00  0.00000000000000000E+00  0.00000000000000000E+00  0.00000000000000000E+00  2.29054200725915605E-02  0.00000000000000000E+00  5.51839194389675946E-04  4.49701891778180988E-08  6.83652028156672150E-05  0.00000000000000000E+00  1.64564374183115227E-06  1.42581124864099607E-09
  1.57254473091244191E+08  9.53076968534381175E-01  0.00000000000000000E+00  2.31067626322883808E-02  7.30032830948190497E-05  0.00000000000000000E+00  0.00000000000000000E+00  0.00000000000000000E+00  0.00000000000000000E+00  2.31069625425062222E-02  0.00000000000000000E+00  5.61928181772723234E-04  4.65175550612898752E-08  7.25636603762404292E-05  0.00000000000000000E+00  1.76305393550334910E-06  1.59408684177554568E-09
  1.59323610895076334E+08  9.52678293929840714E-01  0.00000000000000000E+00  2.32968086343028936E-02  7.74334433357693429E-05  0.00000000000000000E+00  0.00000000000000000E+00  0.00000000000000000E+00  0.00000000000000000E+00  2.32970229321507599E-02  0.00000000000000000E+00  5.71540985445064573E-04  4.87155703361992612E-08  7.69632393898147491E-05  0.00000000000000000E+00  1.88633832523208645E-06  1.78163658667299848E-09
  1.61392748698908508E+08  9.52307658929931189E-01  0.00000000000000000E+00  2.34728948608665146E-02  8.21075546508825873E-05  0.00000000000000000E+00  0.00000000000000000E+00  0.00000000000000000E+00  0.00000000000000000E+00  2.34731244366929992E-02  0.00000000000000000E+00  5.80538170443029174E-04  5.15856627393016400E-08  8.16061865077979389E-05  0.00000000000000000E+00  2.01628319982422638E-06  1.99204224456387032E-09
  1.63461886502740651E+08  9.51970209096596798E-01  0.00000000000000000E+00  2.36324754743191916E-02  8.70709956611939457E-05  0.00000000000000000E+00  0.00000000000000000E+00  0.00000000000000000E+00  0.00000000000000000E+00  2.36327213053782181E-02  0.00000000000000000E+00  5.88773974122150140E-04  5.51243327223927681E-08  8.65380859907722731E-05  0.00000000000000000E+00  2.15371411476806912E-06  2.22948126035616522E-09
  1.65531024306572825E+08  9.51671000205830064E-01  0.00000000000000000E+00  2.37730478435434524E-02  9.23707653391127076E-05  0.00000000000000000E+00  0.00000000000000000E+00  0.00000000000000000E+00  0.00000000000000000E+00  2.37733109758140465E-02  0.00000000000000000E+00  5.96102770304020595E-04  5.92948176773598473E-08  9.18061936395199679E-05  0.00000000000000000E+00  2.29945198962498154E-06  2.49871964434322501E-09
  1.67600162110404998E+08  9.51414763078464065E-01  0.00000000000000000E+00  2.38922685542736976E-02  9.80535683877641870E-05  0.00000000000000000E+00  0.00000000000000000E+00  0.00000000000000000E+00  0.00000000000000000E+00  2.38925500754398300E-02  0.00000000000000000E+00  6.02386112622138397E-04  6.40176377950289141E-08  9.74575256656578110E-05  0.00000000000000000E+00  2.45426243129041132E-06  2.80507494077862325E-09
  1.69669299914237142E+08  9.51205669488950134E-01  0.00000000000000000E+00  2.39880689556535229E-02  1.04163705603672901E-04  0.00000000000000000E+00  0.00000000000000000E+00  0.00000000000000000E+00  0.00000000000000000E+00  2.39883699596699536E-02  0.00000000000000000E+00  6.07500023870869116E-04  6.91614549741199299E-08  1.03536749885826834E-04  0.00000000000000000E+00  2.61880056931247392E-06  3.15433888973220349E-09
  1.71738437718069315E+08  9.51047108391078866E-01  0.00000000000000000E+00  2.40587657536863418E-02  1.10740830208009653E-04  0.00000000000000000E+00  0.00000000000000000E+00  0.00000000000000000E+00  0.00000000000000000E+00  2.40590872980446062E-02  0.00000000000000000E+00  6.11342144342170665E-04  7.45361929543004931E-08  1.10083939224070774E-04  0.00000000000000000E+00  2.79355457195369079E-06  3.55264803580686523E-09
  1.73807575521901459E+08  9.50941481707783920E-01  0.00000000000000000E+00  2.41031621570591860E-02  1.17817646729714745E-04  0.00000000000000000E+00  0.00000000000000000E+00  0.00000000000000000E+00  0.00000000000000000E+00  2.41035052145754450E-02  0.00000000000000000E+00  6.13838321955470436E-04  7.98906664050177008E-08  1.17132263111640916E-04  0.00000000000000000E+00  2.97879182444877940E-06  4.00629095172842834E-09
  1.75876713325733632E+08  9.50890028596306114E-01  0.00000000000000000E+00  2.41206352306635140E-02  1.25417646810093098E-04  0.00000000000000000E+00  0.00000000000000000E+00  0.00000000000000000E+00  0.00000000000000000E+00  2.41210006382724836E-02  0.00000000000000000E+00  6.14948226906222037E-04  8.49169330398824674E-08  1.24705710304093910E-04  0.00000000000000000E+00  3.17451235745662116E-06  4.52144380459580351E-09
  1.77945851129565775E+08  9.50892686422472599E-01  0.00000000000000000E+00  2.41112054159295167E-02  1.33552994385119871E-04  0.00000000000000000E+00  0.00000000000000000E+00  0.00000000000000000E+00  0.00000000000000000E+00  2.41115938235135913E-02  0.00000000000000000E+00  6.14669607345147894E-04  8.92631264845155683E-08  1.32816955031401981E-04  0.00000000000000000E+00  3.38041436050053280E-06  5.10383235667933711E-09
  1.80014988933397949E+08  9.50947995671233115E-01  0.00000000000000000E+00  2.40755846314322369E-02  1.42222688158441236E-04  0.00000000000000000E+00  0.00000000000000000E+00  0.00000000000000000E+00  0.00000000000000000E+00  2.40759964540704953E-02  0.00000000000000000E+00  6.13040870470781961E-04  9.25556111325107112E-08  1.41465494334930129E-04  0.00000000000000000E+00  3.59587635727464223E-06  5.75832832795441968E-09
  1.82084126737230122E+08  9.51053054707038048E-01  0.00000000000000000E+00  2.40151999665643018E-02  1.51411138545599747E-04  0.00000000000000000E+00  0.00000000000000000E+00  0.00000000000000000E+00  0.00000000000000000E+00  2.40156353436947780E-02  0.00000000000000000E+00  6.10141771587060112E-04  9.44299635262442761E-08  1.50636194347074430E-04  0.00000000000000000E+00  3.81995975524053753E-06  6.48850075855143858E-09
  1.84153264541062266E+08  9.51203528708003843E-01  0.00000000000000000E+00  2.39321907173001697E-02  1.61087295805441988E-04  0.00000000000000000E+00  0.00000000000000000E+00  0.00000000000000000E+00  0.00000000000000000E+00  2.39326494821146055E-02  0.00000000000000000E+00  6.06092114419241683E-04  9.45686637852688530E-08  1.60298383542971243E-04  0.00000000000000000E+00  4.05143398925548232E-06  7.29615706735518485E-09
  1.86222402344894439E+08  9.51393715271569351E-01  0.00000000000000000E+00  2.38293773746302978E-02  1.71204453107963011E-04  0.00000000000000000E+00  0.00000000000000000E+00  0.00000000000000000E+00  0.00000000000000000E+00  2.38298590365595558E-02  0.00000000000000000E+00  6.01048498260768117E-04  9.27417100845409600E-08  1.70405618791058208E-04  0.00000000000000000E+00  4.28882444586029576E-06  8.18092148750808256E-09
  1.88291540148726583E+08  9.51616667174422282E-01  0.00000000000000000E+00  2.37102021468160278E-02  1.81700821523457794E-04  0.00000000000000000E+00  0.00000000000000000E+00  0.00000000000000000E+00  0.00000000000000000E+00  2.37107058892470322E-02  0.00000000000000000E+00  5.95199278172711026E-04  8.88449625685812357E-08  1.80896223955422211E-04  0.00000000000000000E+00  4.53048098931033131E-06  9.13990749358814397E-09
